4.342781380513023315e-01 2.881208054482093384e-01 2.792516312402454348e-01 7.867837385949716378e-01 1.276342760987899183e+01
7.039032967567884214e-01 5.030941562177387860e-01 4.736967743187096569e-01 8.135600637063973295e-01 9.375348627727095874e+00
1.722550156475465832e-01 8.645666501024714679e-01 8.601737318626598849e-01 2.687095045217375855e-01 5.466741906115871963e+00
1.111179273714351101e-01 4.879656476671925813e-01 4.258828259384201953e-01 2.390428899458623135e-01 9.222453658584031544e+00
6.217971645195335961e-01 7.184083284724757101e-01 4.136303241631197336e-01 4.183173203248582439e-01 6.833358276328131531e+00
2.612938432265373145e-01 1.402405274688686421e-01 2.388396071266969678e-01 7.463914284898667262e-01 1.639923944765434882e+01
8.580168908903502700e-01 1.581976760551659922e-01 6.971211216324194604e-01 2.185753615808501138e-01 1.565524422978035446e+01
1.782062057711666370e-01 5.918030959591176199e-01 3.249492087861741707e-01 8.858987959359136966e-01 8.492859718747613584e+00
5.815367425813356972e-01 8.422867472505658482e-01 3.186805614967411771e-01 8.792695486505532898e-01 5.557005286921445908e+00
7.914470608966547305e-01 8.831032577963435215e-02 7.990399516788352363e-01 7.642731690583381976e-01 1.746136804007455012e+01
7.897063898339343746e-01 6.283974608392973726e-01 9.876095180910989813e-01 5.946061164126934528e-01 7.871831397075126802e+00
5.240926087321082782e-01 6.546225162325944313e-02 3.365116835377239268e-01 9.610310390074499054e-01 1.793056143218244003e+01
3.210892405329495713e-01 1.563035714379072127e-01 1.416349222175112554e-01 5.456153370148015824e-01 1.566551250777669146e+01
9.869954171590695768e-01 3.267573912610089448e-01 4.934621959968443772e-01 1.722660991984756862e-01 1.228391016551455550e+01
2.468713043410856733e-01 8.869736853368553886e-01 6.112570655154083710e-01 0.000000000000000000e+00 5.163311150613586697e+00
5.370098781884896644e-01 9.142530903459401559e-01 4.962639108406440291e-01 5.144461419744672526e-02 5.215639481799057897e+00
8.370229188277097943e-02 8.101998475619984763e-01 6.035887169359738236e-01 6.681474000175402495e-01 5.439753141168693240e+00
9.098248805435979469e-02 8.717374433350107976e-01 3.888199604446117563e-01 6.253104195562997347e-02 5.197635572743841692e+00
8.961795633995468524e-01 6.688729104095704203e-01 3.742413860580453555e-01 5.995013371915902667e-02 7.239337589974442544e+00
3.162947348969016303e-01 6.988960594632849244e-01 5.447876159870621571e-01 4.590268530215357856e-01 6.784912458817493608e+00
3.553429359059488979e-01 4.628920318081537477e-01 8.463274105709610584e-01 5.552211393949146867e-01 1.017160188955199907e+01
4.842275053484107472e-01 5.709718952229058120e-01 2.642651777141668545e-01 4.758651816198931073e-01 8.453740096780132163e+00
1.720724992893254424e-01 2.716135836188914854e-01 8.935070164597134212e-01 2.905194554477859015e-01 1.354920771262210266e+01
9.094796916965210976e-01 7.568679303507445111e-01 9.807006053975426685e-01 3.272345963478890951e-01 6.381685601523493290e+00
3.170319491680401169e-01 1.751613672683063339e-01 3.511569441758095045e-01 6.689438320452438802e-01 1.554745992768074281e+01
3.314815224224563206e-01 4.705954973608061365e-01 4.846587254870644845e-02 8.811174957842560218e-02 9.757573749071037028e+00
5.660912412311949193e-01 9.115338472563251360e-01 9.575547817068134904e-02 4.009958711165282352e-01 5.223296119113587821e+00
6.575404205009662828e-01 4.871073789531871201e-01 9.416472817413856777e-01 1.789660657492344598e-01 9.616381224367431813e+00
1.250308354246870146e-01 9.087110040087105212e-01 8.108330334628836011e-01 4.622023903636272024e-01 5.497198219906803907e+00
8.623883687579922963e-01 3.472648917341050745e-01 3.198525111286065203e-01 9.024172203504896572e-01 1.186964039646859348e+01
4.350117514197606727e-01 7.735717138209722288e-01 6.511206514342848806e-01 6.922294331516223309e-01 6.308025423209810079e+00
5.421756693552284290e-01 2.335242762569382860e-02 5.952261175753574829e-01 4.032756000665855822e-01 1.910142524178286294e+01
7.333529801644207424e-01 5.868227220314866655e-01 9.932603687604205644e-01 7.957582604445754271e-01 8.379332551420954900e+00
3.686282332699351572e-01 9.154669568856049766e-01 3.647070887065436140e-01 2.489356647542066980e-01 4.875022625460144532e+00
3.063085662311535451e-01 1.002025444205720678e-01 8.371242133646062955e-01 5.422841749748279483e-01 1.694089929031589392e+01
8.198075332483167887e-02 6.600875260562898417e-01 9.462149361468357167e-01 3.365566226845473352e-02 7.435119065274954586e+00
2.540867669289437192e-01 8.810827911448247951e-01 3.511017061978564668e-01 5.594637413727454600e-01 5.071824897400492915e+00
7.614029619043531927e-01 1.712745509927704468e-01 4.825688404325356728e-01 7.723341214880345973e-01 1.545163165923078452e+01
1.110929820432206283e-01 6.050434073898979248e-01 4.369018632531876944e-01 7.696011274621739062e-01 7.616290914964251257e+00
2.571805825081720509e-01 2.208960639588024022e-01 5.530165698759738069e-01 7.737046929185371624e-01 1.428314223212241174e+01
6.110137663292014576e-01 2.374858506282704618e-01 8.757054485247052489e-02 7.285274590331347611e-01 1.405951049461070035e+01
7.323671138459703078e-01 5.028399458649683851e-01 9.597348651965991184e-01 4.003701333007825269e-02 9.464427335510055883e+00
3.886567389625968927e-01 7.145912438217248974e-01 4.304396036660149694e-01 5.270453812710051977e-01 7.032463480049111482e+00
8.211307248702317541e-01 8.953041543687964565e-02 5.049091512934859027e-01 9.348157747493512915e-01 1.733539996692229934e+01
2.221109605198951509e-01 6.889306585268122340e-01 3.990939598971853797e-01 7.832527086261666938e-01 6.851404166254652317e+00
6.798276421071781650e-01 9.210768957715972927e-02 1.904385566670223351e-02 4.505563906722294121e-01 1.746719811918791976e+01
3.060327716570144796e-01 2.408273566243844810e-01 1.229058092006077990e-01 1.543809915246026065e-01 1.408005134050325324e+01
8.693510439444390725e-02 2.943955247970507227e-01 7.481209432562826445e-01 7.567498131905647796e-01 1.271256426324783106e+01
4.055034504547555541e-01 6.062950976797329972e-01 1.319288737164337200e-01 3.536829725790582302e-01 8.159075628276085013e+00
9.396223194330179940e-01 8.178642998430213362e-01 8.291169560412086081e-01 1.526766125209206848e-01 5.808699460601126852e+00
9.561209370239245331e-01 7.097561734964927815e-01 8.439258291827675951e-01 7.396063643116566055e-01 6.983150141366969876e+00
5.182842090375007205e-01 3.277929371435310546e-02 4.972539271646629899e-01 7.717362753990499868e-01 1.892553863124358671e+01
6.337527825097832856e-01 2.162009302941134137e-02 2.937623459683000315e-01 6.744532113295331754e-01 1.916626704525869940e+01
4.784605588334202020e-01 2.719663704865865061e-01 6.778701838743076413e-01 2.382964622204681859e-01 1.316117729847133511e+01
1.955653989033998563e-01 6.092481365442224961e-01 3.850070253105333795e-01 7.059930505659046673e-01 8.028865317951465741e+00
4.750339117685550283e-01 3.695890189284742888e-01 4.259029627343398072e-01 5.668027630269811823e-02 1.161088885489704658e+01
2.972687644665172879e-02 2.808869775289999371e-01 5.231195704372825217e-01 1.842843256895019266e-01 1.238815430003340978e+01
6.566022310608804480e-01 4.750911884984890254e-01 6.982852835542995296e-01 9.993229115379467231e-01 9.719255613773345459e+00
4.644203451740355204e-01 2.945965706140213358e-01 8.255192500691638235e-01 9.696284836123094664e-01 1.299027044519491980e+01
6.440183738546244596e-01 1.303438384513213588e-01 9.912394823964537638e-01 8.860657959768829528e-01 1.652058196889265673e+01
3.826660649244771339e-01 1.017905475032151452e-01 5.963763433663511471e-01 7.494705097043468101e-01 1.728945553860559059e+01
5.486950223058717491e-01 1.607551758771051664e-01 9.758530326945638045e-01 2.989558266221603589e-01 1.558662174156037850e+01
9.982012163071374289e-01 3.015363956476819762e-01 9.325598170159717926e-01 5.520414447153374482e-01 1.276539935474935739e+01
7.080892644215074361e-01 3.303284573825678305e-01 6.703325402527756660e-01 4.696351647890626424e-01 1.209034775003308759e+01
8.091137013217369889e-01 8.900361080831046268e-01 2.105740734696867622e-01 7.863449000852611448e-01 5.200230215543317769e+00
7.013707276651858225e-01 7.756983696476195123e-01 9.545769712098186588e-01 9.441043815931777772e-01 6.158322655073915186e+00
4.570161639949349430e-02 9.359765995003249683e-01 1.294731852865173283e-01 7.161668502432938510e-02 5.394268545849011609e+00
0.000000000000000000e+00 1.440518809302430980e-01 7.257903613062783865e-01 9.340504620473577546e-01 1.506022487757668493e+01
2.629883034773130568e-01 5.982789006299542578e-01 1.786184797673798230e-02 7.696572084915356271e-01 8.003840121923252227e+00
9.560272079374232401e-01 9.639122742626876628e-01 4.942742585305782976e-02 5.609896643246905512e-01 4.629615474387751561e+00
6.547220316712352162e-01 3.366848873701756562e-01 3.494546171051151617e-01 3.452922396545954342e-01 1.207550436944902117e+01
4.722568176655620453e-01 4.284493219344447379e-01 5.567344217987991728e-01 1.910697405325620934e-01 1.034544750723899931e+01
1.000000000000000000e+00 1.764000171140132633e-01 5.999629902416321325e-01 9.089649396430434791e-01 1.532736089772241961e+01
7.191999946961055157e-01 9.907022272600414237e-01 9.006215709212215259e-01 5.542737855418060633e-01 4.562350841158251846e+00
9.688535639689459522e-01 3.429835340937890664e-01 5.074921061711965553e-01 3.239823553798064637e-01 1.185916462915586500e+01
3.726479310046120208e-01 7.643049521051766826e-01 4.229439414550610898e-01 1.746213578899133978e-01 6.171048071700031556e+00
3.007926833118875209e-01 7.635846814489838374e-01 3.682666010969756210e-01 9.771517811356105199e-01 6.433870472251911110e+00
2.870908487324630998e-01 7.414989408962234518e-02 3.484469587976576355e-01 7.672221108803913836e-01 1.805075494707877937e+01
3.415091243149913636e-01 1.330000098048397805e-01 6.532733004720829850e-01 2.060742272573659051e-01 1.618297268634844954e+01
5.343771418492524461e-01 6.645172349129169209e-01 3.340163134675468437e-01 2.637414240093871598e-01 7.506996835934387491e+00
8.173699617883777302e-01 5.579536031326837175e-01 5.092686273216721071e-01 5.515625374681931703e-02 8.712841837515361121e+00
8.652937130481411776e-01 2.406640766041275858e-01 7.524691414147205437e-01 1.653085362623656351e-01 1.395110040849123578e+01
5.826378338883980712e-01 8.259645964150986730e-01 3.552754109529221993e-01 3.152658998481054908e-01 5.843840561465160732e+00
8.790884835116530294e-01 5.873572360410239668e-01 6.467782502086376617e-01 9.455451677410131595e-02 8.193746155822482891e+00
3.076387531348561688e-01 1.377391796857034556e-01 1.121840063784739633e-02 5.296671987168171114e-01 1.619158237876163753e+01
5.093497046034596298e-01 3.717620070355413808e-02 6.690618067081599563e-01 7.006298411213105481e-01 1.889926283522843775e+01
2.338511111858186386e-01 8.182923069374093972e-01 2.107279512292567769e-01 6.381167631648150262e-01 5.992426929262917312e+00
9.581785845500887522e-01 7.739834330311419208e-01 1.107347720664864227e-01 5.313170764657524359e-01 6.351896549617414678e+00
2.581418438950819350e-01 7.925087480347065005e-01 2.604065846622344305e-01 9.120767045806648099e-01 6.054203443844153654e+00
4.149814262702956613e-01 6.873794142931779483e-01 7.932692943668018248e-01 4.800655913505078587e-01 7.181510659731178414e+00
8.130830426379338505e-01 7.681784738850845340e-01 7.430886275569672517e-01 4.271795736449650605e-01 6.419159753864290607e+00
1.327800530510820365e-01 3.842653090836809504e-01 1.440209516545390700e-01 3.609874221094617752e-01 1.128923495345972405e+01
6.975138683801705985e-01 1.467774337295829068e-01 5.459627431122359154e-01 5.990364865685204876e-01 1.608352946269475936e+01
5.152242689945326637e-01 7.079563141326016273e-01 3.767301067274010928e-01 4.641899358028336309e-01 6.846530763010921561e+00
5.826620887925136882e-01 1.216286701300872963e-01 2.231737524911109327e-01 7.648300610324501037e-01 1.648116041717695524e+01
1.074508861921660841e-01 5.781896102253806236e-01 8.314886423484338929e-01 2.418971627740749142e-01 8.532636337790325598e+00
1.116623989315466414e-01 4.665137742610462879e-01 5.637539182174966523e-01 5.569283961369659863e-01 9.956323042180871496e+00
8.343253664260414926e-01 8.097404465409877572e-01 3.633554550982857068e-01 5.376857692846037651e-01 5.865089041440396223e+00
5.824744808323910616e-01 7.630350338168173652e-01 8.779415234280268931e-01 2.668066701504905325e-01 6.302306048447464448e+00
5.950469735511440539e-02 5.612829854916443484e-01 4.676999544020097321e-01 9.927780355033739568e-01 9.014832568722907169e+00
7.943133283236325504e-01 1.950058908816448833e-01 4.232094032186954902e-01 5.581402492729381493e-01 1.481463281718942149e+01
9.308877101041210800e-01 1.049584882286232757e-01 8.129808977425726502e-01 1.006695913879021020e-01 1.693981554129317146e+01
8.664817687956866132e-01 7.810529688681391303e-01 6.621343142248862224e-01 9.410102795219277283e-01 6.170602017516261029e+00
3.082736899274940989e-01 1.942160013775046379e-01 6.557675123143847928e-01 9.631528653298371268e-01 1.485931136223803684e+01
1.905578063382706855e-02 4.038828835056328947e-01 8.166287953922953813e-01 4.601478110755028439e-01 1.152192004446913387e+01
2.579310551354874748e-01 8.472054136625430942e-01 6.795700734664879006e-01 3.320300698629345959e-01 5.790338526485527382e+00
7.760865191801986640e-01 6.766118458786131162e-01 6.895105635817800893e-01 6.128221908811166685e-01 7.177997527899994346e+00
5.327229654046489182e-02 7.037975098939389662e-01 1.899616381176009172e-01 6.303723095729161230e-01 6.903872061701989971e+00
4.017785438414152033e-01 7.572210855515065786e-01 1.055443490093563447e-01 7.555674353012182820e-01 6.318635320990862780e+00
6.028807326014865575e-01 4.501402701894634956e-02 1.823915335761736312e-01 8.499059689016448260e-01 1.866869461103569350e+01
9.402633548639802719e-01 2.425785585286107104e-01 2.634977073522578039e-01 3.668582786837486509e-01 1.383316110165584334e+01
3.759719206163448235e-01 5.045960090042065360e-01 4.750106385240658868e-01 3.907284979393210733e-01 9.340133781288381343e+00
1.628912321795772389e-02 4.768909272727920867e-01 4.646895432604541409e-01 8.797922499261545681e-01 9.104481252015515835e+00
9.626543465017713963e-01 4.114049926664247736e-01 2.086550381835310386e-01 5.726626810551049829e-01 1.070800673008826287e+01
5.007656100967960988e-01 8.207443476431378615e-01 4.481503120948398533e-01 2.007998860700421773e-01 5.903838880455737126e+00
4.991555196479726675e-01 6.342474610409547520e-01 5.854471308049615796e-01 9.265752111474423458e-01 7.682567694437394401e+00
1.031261339880394090e-01 0.000000000000000000e+00 8.295021322533949748e-01 8.310271640723545516e-01 1.997819836220916301e+01
2.996318034051459467e-02 5.434269710203228076e-02 7.623494077301984362e-01 6.126964709436020229e-01 1.881254185599129514e+01
7.161250686701162715e-01 5.435927257459645112e-01 9.164810634842655013e-01 9.220042421328304982e-01 8.952333280916379366e+00
7.970258567564855179e-01 5.187618162227889546e-02 4.971785411893714368e-01 5.430008252809965796e-01 1.850305264531901628e+01
9.692673329681258387e-01 8.066875923282629257e-01 8.475861736293702764e-01 6.122417249090457148e-01 6.029539669439293981e+00
2.778663036811016007e-01 9.588348806517663636e-01 1.662941943120755522e-02 8.451321242560716485e-01 4.656305247125619218e+00
5.620265704925346828e-01 3.539575870899177579e-01 0.000000000000000000e+00 4.437150495523027871e-01 1.186781962702005089e+01
1.138678906142089886e-01 4.859568767496350583e-01 1.390987227260338799e-01 5.695604566514944622e-02 9.229425908806382139e+00
5.380626506197186965e-01 6.001596768318452346e-01 8.544282169064366661e-01 3.447158884176104721e-01 8.007757934902425490e+00
3.679448776054087267e-01 9.412319013050400862e-01 3.658803119173255347e-02 7.668138545267719763e-01 5.080207792102493514e+00
5.996693887435337045e-01 6.105110420897326140e-01 5.697512890864934176e-01 7.806188714767916537e-01 7.970824751219486082e+00
7.544154926179424958e-01 8.915672103377970670e-01 3.687936987178265236e-01 1.512330772006169610e-01 5.182453326209064848e+00
6.642419200455577100e-01 5.184307562826561133e-01 1.121246993798532959e-01 8.669348277306454520e-02 9.278907761589898939e+00
9.838049653021125884e-01 1.421698484445394761e-01 5.847464687748207268e-01 3.447617565161547049e-01 1.601916852764697907e+01
6.434719762995152470e-01 1.856312442698576093e-01 1.448901839646455914e-01 1.536294624741589843e-01 1.512109903498027208e+01
9.446917142171904480e-01 2.136885219330765875e-02 8.126142482903265796e-01 5.181914704157044582e-01 1.934916727409790482e+01
1.238109699489581272e-02 7.189695175203310029e-01 5.250090557779505396e-01 6.089997538465290461e-01 6.136411002411601423e+00
5.578360507487098996e-01 6.586100511218011544e-01 3.162541516518848073e-01 4.001160167048745109e-02 7.315254249478887694e+00
6.950054188533095756e-01 9.677263207758765029e-01 5.497582759638246497e-01 1.783710582124804489e-01 4.801431028213143826e+00
6.187094898210903082e-01 2.834568188711005798e-01 3.570950739071123703e-01 8.590025457361747385e-01 1.294239474419160274e+01
9.879186085827138530e-01 5.104100302674164924e-01 5.869717399657990720e-03 6.992646520208118943e-01 9.257289748374667226e+00
1.759700569575696205e-01 9.190236360870231158e-02 7.057639268569154689e-01 3.636032857530402396e-02 1.761070405912717263e+01
7.643018581848282089e-02 7.904396176807811925e-01 7.973620471838670509e-01 9.337149543697265131e-01 6.447925958572658267e+00
6.343611144261555035e-01 4.979834281564226584e-01 1.357765483760579872e-02 5.133147632628087820e-01 9.364131377408662971e+00
2.108412275071652187e-01 1.970788377064725261e-01 2.699490043197447231e-01 8.248141679581522112e-01 1.451491394695013781e+01
6.265992824493867852e-01 4.082121748353952084e-02 8.879112947931316890e-01 5.815953562778837238e-01 1.884125404072206322e+01
5.175405591665913629e-01 8.769187483458814603e-01 2.286571861380555862e-02 9.665674423849281993e-01 5.352890214508523314e+00
5.663731746379572218e-01 1.501890755709779299e-02 5.398486371996261690e-01 5.575952768613543498e-01 1.947646663941393541e+01
6.241022411350558574e-01 7.085116454221013216e-01 8.422063739764882317e-01 9.576050938682918456e-01 7.040702366182004290e+00
6.726604128113493619e-01 8.670203661509860993e-01 9.062373531972848228e-01 9.345137435779804491e-02 5.426060408362059384e+00
7.845485250405845878e-01 7.693120457891561292e-01 9.801977774825639811e-01 5.227167985393954552e-01 6.382531852846223153e+00
3.553898020271353819e-01 4.787230016250494935e-01 4.228565633043523397e-01 7.587501644109178045e-01 9.651111798114813567e+00
1.484322677752325514e-01 8.156031328855958273e-01 9.946772301969839525e-01 3.907450644281702523e-01 6.050244938641423431e+00
6.221598434251670584e-01 4.262066883137262674e-01 5.251463569842511614e-01 4.088122295903318104e-01 1.062557781372471233e+01
1.041511603412715870e-01 6.799045783840703683e-01 3.766085526068974620e-01 8.770028118825390351e-01 7.632079308202585288e+00
9.912195674091057729e-01 3.135643485120978013e-01 1.491217619420408536e-01 2.596978437820656183e-01 1.238495134800029263e+01
6.585609923116428899e-01 1.695689497366084653e-01 5.505343587505304725e-01 1.011643019805656962e-01 1.536696021588912942e+01
7.633899201928113776e-01 2.848137251078093346e-01 2.404773748062546401e-01 4.604568494378558086e-01 1.291163962715145530e+01
5.546464677638780483e-01 9.340816035438846976e-01 9.511846893701945971e-02 5.731174317371099391e-01 4.914183250982318008e+00
6.390279246854949635e-01 5.239797565150077219e-01 6.931777263918519338e-01 7.304964373594273752e-01 8.973931081203646798e+00
7.398669579664612916e-01 9.134369491242341210e-01 2.586598775071913825e-01 4.971817931793101053e-01 5.162037168639995954e+00
4.936317372939960091e-01 9.289084133897688167e-01 7.896289111630367952e-01 4.678751486366543588e-01 4.930085316206294976e+00
2.857042073162083251e-01 1.655706344672217556e-01 5.848014464228642462e-01 7.458781932878331133e-01 1.534032386766132383e+01
7.806105278569622774e-01 5.424208779316718188e-01 7.705111136118791837e-01 3.346329349227197270e-01 8.767681935668797166e+00
5.098235372409760657e-01 3.840606113104544361e-02 8.573754344552525497e-01 5.746615306248994415e-01 1.889276866413816691e+01
8.698483213140552062e-01 2.244379676135190571e-01 2.123467973771133721e-01 8.564564401862693188e-01 1.426178748892604631e+01
8.738500444334608153e-01 5.059256896680327520e-01 1.001651998821189438e-01 2.878376851472044251e-01 9.442181471798095416e+00
3.857602098011948533e-01 8.076753348485367079e-01 5.135760843181117474e-01 7.194183625745438349e-01 6.104445806475842673e+00
6.913564759987552710e-01 7.478543280656136938e-01 8.652195407569240881e-01 3.450851987219625272e-01 6.447262006701310000e+00
1.168143646137068392e-01 1.715222108017135927e-01 8.630039819250431288e-01 2.259905589308441876e-01 1.499929432990755629e+01
6.183006905664021335e-01 8.370356528396719620e-01 5.201634039766871442e-01 9.340346193467112812e-01 5.728740006006140639e+00
9.786780594494175478e-01 3.408856670120474774e-01 1.291599565920781845e-01 7.272940573965520628e-01 1.191286406008866017e+01
9.516378896202202231e-01 3.109350826921062905e-01 3.148206597423224284e-01 6.992305155338840450e-01 1.258906816746223001e+01
7.227621308560246982e-01 3.635489220850334768e-01 1.997887903696847767e-01 6.555557503378324213e-01 1.154975012787346422e+01
7.506388185090642207e-01 4.322257866008782368e-01 9.719626767263158662e-01 2.374536812473948544e-02 1.039008026900544834e+01
7.658245013059277184e-01 9.597758842405765822e-01 5.907210171210652838e-01 9.859803748660969092e-01 4.653924544290226173e+00
9.873001726528716215e-01 4.843508705388489821e-02 6.175322901623498950e-01 5.267739536377984422e-01 1.858963536497658353e+01
5.937682039692294689e-01 6.488856773881489515e-01 4.284697413689053658e-01 1.000000000000000000e+00 7.527416460189914282e+00
6.596047742291939464e-01 3.328511603756848514e-01 9.039241220647616926e-01 3.961997003405439699e-01 1.210280501034788969e+01
4.306184306073972401e-01 5.467454703187076825e-01 9.138393272428029235e-01 5.160266848935535222e-01 8.641523540356923050e+00
6.781891273867388104e-02 4.342185501087418298e-01 8.508621612662209399e-01 6.289439498428706088e-01 1.078786295222731084e+01
1.739543245771995594e-01 8.904211271510642511e-01 7.885264773574188757e-01 9.280260662747163991e-01 5.009992896241431737e+00
3.950810795626966687e-01 8.763998372463355224e-01 9.999999999999998890e-01 1.306061405216496496e-03 5.307827568643157079e+00
9.030521441980163821e-01 9.919381360462868891e-01 4.342346301878453885e-02 3.711804002466969621e-01 4.442740296095788466e+00
9.083907804700031008e-04 4.948783574787603556e-01 7.203482451435314626e-01 3.182620788744259244e-01 9.838474472062946674e+00
4.800466431472256712e-01 2.698294951625720972e-02 2.868855715137707540e-01 6.628404796844762359e-01 1.897364498694686574e+01
2.251589135868066749e-01 3.524863760203042484e-02 4.493474663589029916e-01 4.977105451387728863e-01 1.880557727926693090e+01
8.190210098426538021e-01 9.274602151803231775e-01 2.754012838074744174e-01 8.519780343752216822e-01 4.872315162443929815e+00
4.214189176834051143e-01 4.985853423495467118e-01 7.198122959853439085e-01 7.983874845663088138e-01 9.591332515843939532e+00
3.085216402594392338e-01 3.112260049626056624e-01 6.606661223800092131e-01 2.721625941639604918e-01 1.235644136665733051e+01
3.524746832612732916e-01 4.574188827805669155e-01 3.816489655294786898e-01 6.069291122399658178e-01 1.015314370146824352e+01
1.872500560558956750e-01 3.787912557879044018e-01 1.173096381119366066e-01 6.458768985186740252e-01 1.104775951530795197e+01
3.902517197810846383e-01 1.870060188250762846e-03 4.997778276713558121e-01 9.135355069517494542e-01 1.999321460318703103e+01
8.186534625962973433e-01 4.582967195310195252e-01 3.051953715028132841e-01 5.355607998167961625e-01 1.013819689421301007e+01
3.558446486828756306e-02 7.939202654997955522e-01 6.828359074374397153e-01 4.574414036713303489e-01 6.181159300609371243e+00
5.198287833681383141e-01 8.619901466196950857e-01 1.296522908120012751e-01 2.847944603283263376e-01 5.630035830261757468e+00
6.560718994507614976e-01 9.694975193730211993e-01 7.094672752144667860e-02 6.856219754851977655e-02 4.563995404511151932e+00
7.124018630257986651e-01 2.116932421412734411e-01 3.526134354745876776e-01 3.366725732055257936e-01 1.451045743976176183e+01
9.732284080063580145e-01 1.000000000000000000e+00 8.010836774537020144e-01 2.834641725359787756e-01 4.541619022014002027e+00
2.157509205770928307e-01 1.947992783924361315e-02 8.610934815839578205e-01 4.025615793290846511e-01 1.960766570632795336e+01
9.983073233116193657e-02 5.901860367886173631e-01 2.052022082197183517e-01 6.262875708407236175e-01 8.574794841749424634e+00
7.365290409150879736e-01 6.442005725454633680e-01 7.060408907733961570e-01 6.698963614612019057e-02 7.705292745026124379e+00
1.467627015442215521e-01 3.639862222121454383e-01 9.550401617161592416e-01 7.048643310076805335e-01 1.164649148626545561e+01
5.023866636634779503e-01 3.874113532966652063e-01 6.447722171308111205e-01 3.958074888871898622e-01 1.129805664255524533e+01
5.081771287062563092e-01 3.338916570443065807e-02 1.016507130798959130e-01 7.688775548993422859e-01 1.890805800834175798e+01
5.804604321053403737e-01 9.157059492612366070e-01 4.808856585566352315e-01 9.385806908634588552e-01 5.067637564543391981e+00
1.255779426193111281e-01 2.168991348533976515e-01 5.101090972390286415e-01 4.896434388023713780e-01 1.477095478497983017e+01
2.723573393500872131e-01 5.926437762713658852e-01 7.730495085942061806e-01 1.459876296046882516e-01 7.971973004054127898e+00
8.798048211259824614e-01 6.188564300589856071e-01 4.692265345828622314e-02 7.229476603479429997e-01 7.979866487071113568e+00
7.413371711942766673e-01 9.673824046025072954e-02 2.826948470957267312e-01 7.781304439213094781e-01 1.716652035974827939e+01
7.977408573324531460e-01 4.235994253192648107e-01 1.507214230475694972e-01 5.778113660536661200e-01 1.059989275978623802e+01
3.865609205758375744e-01 9.118306963836426693e-01 7.483906478797056616e-01 2.987676899556888088e-01 5.228039605352919672e+00
2.238356802187658756e-01 2.091721359380382256e-02 2.899346429978599260e-01 8.499604355511767295e-01 1.954853853661668950e+01
4.383069649060719053e-01 9.983424393690175647e-01 7.828713075070250493e-01 7.699381969500365130e-01 4.581362596799391618e+00
5.347660437129397870e-01 9.795291600027399292e-01 2.917509374890592255e-01 4.611709171780020711e-01 4.583130534469604278e+00
2.626957593325747187e-01 1.916115949596870205e-01 4.201023577502774886e-01 5.703634424739743025e-01 1.509576104453103440e+01
1.652801307126719466e-01 1.866039589126596010e-01 8.201309292277690899e-01 3.551577517362556335e-01 1.538594670252252783e+01
5.108732621076356173e-01 1.618074218932495922e-01 6.130007491293334443e-01 5.863729341087591251e-01 1.575810968337103724e+01
3.719379327738944196e-01 6.863968630903070078e-01 8.750223250977955392e-01 9.794555806300646594e-01 7.319244987966423643e+00
6.584752173064745140e-01 7.895775462782709253e-01 6.498060382125869783e-01 3.114769843136784289e-01 6.054773717842510727e+00
1.095659387634618787e-01 9.451538672730254165e-01 3.288808152478391866e-01 1.242572126022754020e-01 4.729098926118986412e+00
4.868765851982741477e-01 5.622708015419107808e-01 3.645441710759643739e-01 1.112187153923098748e-01 8.702743428081701538e+00
5.560592006818503297e-01 6.318561707146828077e-01 7.720997673689106167e-02 5.999668969207103686e-01 7.744790644566166726e+00
5.514658268529687435e-01 9.250217603703324576e-01 3.049536813016728298e-01 7.867707802157450914e-01 5.107903455093904199e+00
9.710538256800811396e-01 9.606249958735091354e-01 7.138521342079340304e-02 3.059263537953089696e-01 4.823958000574419813e+00
8.743203037762398155e-01 3.698188187121482229e-01 3.945182122954572490e-01 1.134744107138896396e-01 1.140806706687709671e+01
3.527485953497657700e-01 5.981417103235867616e-01 1.508282235398920867e-01 4.602892995162477519e-02 7.999949505313689535e+00
6.682636978452457521e-01 7.132919853054836556e-01 5.988384778136203179e-01 9.142880175522751784e-01 6.732161081146092130e+00
8.419156228232352879e-01 6.208203052044233283e-01 3.802346729430082506e-02 3.060045190936300230e-01 7.971451779237227697e+00
7.766499468287653141e-01 5.287265923365366271e-01 2.285167214298402527e-01 2.437245240121459489e-01 9.063522296990997873e+00
1.440538266526886768e-01 9.999652572583700438e-01 2.562265865706944146e-01 1.998994193510927886e-01 4.327119084046524122e+00
7.098303718303615728e-01 5.533048773595223846e-01 7.177526956977814399e-01 8.895221028462074742e-02 8.777152819120377814e+00
5.578206764702852150e-01 5.073246596927796226e-01 7.928129991284069145e-02 5.760755459552999724e-01 9.322492714955039617e+00
6.796293871800781483e-01 4.018078767648400329e-01 6.114831721477508308e-01 7.467849969341351368e-01 1.085402418347065279e+01
8.070914181948255495e-01 6.126807286525818436e-02 9.834844797385062787e-01 9.855222324864403305e-01 1.818010309769167065e+01
9.834745060087934920e-01 5.944249951228914863e-01 6.493443124294885349e-01 7.609105916574279149e-01 8.101337881021571263e+00
1.727942738446650028e-01 5.084321030050829027e-01 1.120781152748204640e-01 7.132154493400442163e-01 9.628278928136184689e+00
5.082445358108321765e-01 3.602543366843646289e-01 9.712481957416780887e-01 7.636789157756727064e-01 1.156149734094162973e+01
7.473108813857312072e-01 2.343695892184319562e-01 3.304569177427509330e-01 5.336219810499418514e-01 1.394035004228239494e+01
5.477766317337171564e-01 3.267177134669611571e-01 7.278826510821861939e-01 3.988898579886406282e-01 1.236113823998858585e+01
3.327157321930537259e-01 4.627735383378434597e-01 6.378873332348866665e-01 2.051233941253371995e-02 9.776023675281200198e+00
5.693743784259103213e-03 8.520048327482648842e-01 1.281601207170142420e-01 3.347170636946756872e-01 6.247344054892408849e+00
3.562470490506275400e-01 5.333998799050327921e-01 1.830753494781645063e-02 5.496046410154491468e-01 8.790800796747660684e+00
6.192296676456411353e-01 2.934519720081925631e-01 4.129617452402803979e-01 8.524637745072141115e-01 1.297057921759529542e+01
6.037160964501651073e-01 2.632039743698719736e-01 9.039044294443561167e-01 4.873197240924636020e-01 1.350208421576428997e+01
2.237729582648192439e-01 3.735421000641021005e-01 8.719235479917047948e-01 4.523952561723376675e-02 1.157280917971272771e+01
4.273574021948461921e-02 8.059099662989833712e-01 9.966414410230360899e-01 4.515931622099458309e-01 6.429870827554379886e+00
7.455272398764200004e-01 3.053155984313254967e-01 3.905738007121754563e-01 2.597437693035029582e-01 1.272298271785644275e+01
2.987885223895212494e-01 9.016664111262588932e-01 7.303232461729266545e-01 5.533239039517834357e-01 4.948254543456505061e+00
2.214397060529375572e-01 1.048675914204200421e-01 9.305139076591697478e-01 4.953385126793374837e-01 1.696220299917968433e+01
1.800694148396237426e-01 4.994754669006349901e-01 2.991638495896072891e-01 8.383755841806639353e-01 9.766669552529794629e+00
1.694309665677381505e-01 1.490548359286872904e-01 5.984060323201195741e-01 9.664886005868940089e-01 1.559814356992975881e+01
9.853218529063421105e-01 9.979504834002591585e-01 9.411184250929151007e-01 2.120665045120713188e-01 4.438420451772461917e+00
3.014364131801011704e-02 5.463359840546351265e-01 2.241302031481100243e-01 6.594641259077036466e-01 9.317389906638101849e+00
