5.000000000000000000e+02 8.866883771994158447e-01 8.560647943522781828e-03 3.842735617037496953e-03
1.000000000000000000e+03 7.051459743396460977e-01 6.132618489209562887e-03 3.194938106949811885e-03
2.000000000000000000e+03 5.746328995434800690e-01 2.910930963116697880e-03 2.059154923921672781e-03
3.000000000000000000e+03 3.682774532379898824e-01 9.979183494579046531e-04 6.117707679612350560e-04
5.000000000000000000e+03 2.236225194434706687e-01 4.397343640448525331e-04 3.379484754293123712e-04
7.000000000000000000e+03 1.749523605569673346e-01 2.858122337784152261e-04 1.417420892047929792e-04
9.000000000000000000e+03 1.606318080123338987e-01 2.389100634900387485e-04 9.008445472955892565e-05
1.100000000000000000e+04 1.793182528100073780e-01 1.645056227062013932e-04 7.061138027410658873e-05
1.300000000000000000e+04 1.542790575356924321e-01 1.414147372997831553e-04 4.973613724357057265e-05
1.500000000000000000e+04 1.460427304460588105e-01 1.415019656633376090e-04 4.665768172102187524e-05
1.700000000000000000e+04 1.442484464745358019e-01 1.328041347733233178e-04 4.688486539613841711e-05
