5.000000000000000000e+02 1.554530022715586046e+00 5.582560338079929629e-02 6.503903908063084910e-03
1.000000000000000000e+03 1.284968169714271857e+00 4.581712726503610333e-02 3.900986757782567548e-03
2.000000000000000000e+03 1.037380278844175052e+00 3.773128204047680040e-02 2.150739257796265274e-03
3.000000000000000000e+03 1.128676241345596631e+00 4.107806589454412322e-02 2.590746309217364929e-03
5.000000000000000000e+03 9.851831488471025633e-01 3.751036636531353274e-02 2.102696055313481045e-03
7.000000000000000000e+03 9.259650281248097414e-01 3.725739233195781569e-02 9.173116577193384923e-04
9.000000000000000000e+03 8.935067858372276461e-01 3.723382521420717101e-02 8.290821545641488891e-04
1.100000000000000000e+04 8.911156221200589034e-01 3.574579451233148714e-02 5.804486926463382985e-04
1.300000000000000000e+04 8.869442499948905212e-01 3.524952046573161940e-02 1.405898470693387739e-03
1.500000000000000000e+04 9.011234307270552524e-01 3.548906818032264432e-02 1.180476593761342575e-03
1.700000000000000000e+04 8.670134108613322121e-01 3.358080750331282616e-02 1.150865012991786731e-03
