5.000000000000000000e+02 1.753662366923630089e-01 3.061086870729923357e-04 7.922002556245649296e-05
1.000000000000000000e+03 1.626428434686414681e-01 2.625050467031542103e-04 5.045527784090160945e-05
2.000000000000000000e+03 1.334605554868259492e-01 2.005603899306152124e-04 5.018523624933284233e-05
3.000000000000000000e+03 1.381281541809514235e-01 1.838320560636930059e-04 6.740677810191408902e-05
5.000000000000000000e+03 1.346596857094914113e-01 1.478598604080616605e-04 5.032948815984178534e-05
7.000000000000000000e+03 1.157936348470460786e-01 1.208986855999682976e-04 5.332766400424204524e-05
9.000000000000000000e+03 9.509994238941406330e-02 1.068251982360379716e-04 6.660560117568471716e-05
1.100000000000000000e+04 9.381491025326846311e-02 8.509242143190931258e-05 6.127939983156437608e-05
1.300000000000000000e+04 9.452411398995028136e-02 8.625193859188585153e-05 6.346922474960923469e-05
1.500000000000000000e+04 7.467002105729636519e-02 6.793528827984119376e-05 6.243251710567334582e-05
1.700000000000000000e+04 7.333079075240708788e-02 6.794194541726028547e-05 5.794350754142706919e-05
