2.339793299887178712e-01 3.384467375037233383e-01 1.681004619612787854e-01
2.295433977017300176e-01 4.438491828395901839e-01 2.388491075978345923e-01
5.419233004848712509e-01 7.646999760610325714e-01 5.293187062915101215e-01
7.255954640202438855e-01 7.812292120879885671e-01 5.629513131040003726e-01
0.000000000000000000e+00 1.208971646985152470e-01 4.917119891947431543e-02
3.545543781170659714e-02 8.622752896649480414e-01 5.701580453677120852e-01
7.792932945404118517e-01 3.681145511419786076e-01 2.062337573894698073e-01
1.522829330144664373e-01 6.765525334735857932e-01 4.161037016633564178e-01
2.220324383300808779e-01 6.081437629034323056e-01 3.642388148631410250e-01
3.495305516894121889e-02 8.555180888586166876e-01 5.638483672511188649e-01
1.249293826546006569e-01 3.487847165420946555e-02 1.912395827323246089e-02
4.536903855068684099e-01 9.661370707413791115e-01 7.232498510532571201e-01
9.113889486973485443e-01 4.587789759758278407e-01 2.812537548565275380e-01
1.000000000000000000e+00 4.199201407146386789e-01 2.539158537567950957e-01
5.516250269495279746e-01 9.021899520473032341e-01 6.682082976163431498e-01
9.784934344037703458e-01 8.359536690251061497e-01 6.454660401300917894e-01
3.816961079795357370e-01 4.245969510334616365e-02 2.251004660358318227e-02
9.987576966694479141e-01 4.488129078453146903e-01 2.771339275019433224e-01
4.143432513526400518e-01 7.755952194024222646e-01 5.277142975142938841e-01
2.446569673017994773e-01 6.796772562670627682e-02 3.064384456933346226e-02
6.170626657054388842e-01 3.778202828811154657e-01 2.074383962045540930e-01
4.530590700575259228e-02 9.654095636471570208e-01 6.697004484899102827e-01
6.208436328634829859e-01 2.855968252177243927e-01 1.455674141338052785e-01
3.877708045090242917e-01 1.993072907935223292e-01 9.077181167492795466e-02
6.721935203733635511e-01 7.976361496668501472e-01 5.742225847378130688e-01
3.034452606236248684e-01 9.770719134373976322e-01 7.150917872096044237e-01
3.054929004295783845e-03 1.992740937944227908e-01 8.443410089398020735e-02
5.536480587540971721e-01 9.242471338096661659e-01 6.915635841506030390e-01
1.763853920435445588e-01 9.842947527485564896e-01 7.056984964607093680e-01
7.324056553751362442e-01 6.596243335933196228e-01 4.459183817626949375e-01
7.414209305023299057e-02 9.194567209465799307e-01 6.286674273686938541e-01
8.407689681989261032e-01 9.467748292528889165e-01 7.515442850559563848e-01
6.528342904288347848e-01 4.104563505379176802e-01 2.324992810047797065e-01
7.911583737261871363e-01 6.313307654679687353e-01 4.240817107983359535e-01
5.644337957762609603e-01 9.999999999999998890e-01 7.743898012117902407e-01
1.190212099968721848e-01 0.000000000000000000e+00 9.601809986522264265e-03
