6.173380067786564396e-02 2.018156916001347945e-01 6.636243491156756935e-02
5.875574772073796082e-01 3.715433296031653843e-01 1.805303828186635706e-01
6.824348647630991138e-01 9.603724456769782147e-01 7.584137695011338165e-01
5.683470023319578956e-01 7.406135027285090100e-01 5.044329077128186789e-01
8.121017281761835349e-01 9.809147563238561629e-01 7.995250090170215040e-01
7.598788056090585163e-01 5.103417226278882390e-01 2.983441220803633165e-01
8.988996737624757039e-01 6.207781908785577896e-01 4.088656207676030774e-01
6.134618545101884202e-01 2.249223837999990705e-01 8.584381027034007627e-02
3.567713569657610106e-01 4.461120363090590457e-01 2.280567814805192772e-01
1.463140420051099455e-01 9.765981839348562010e-01 7.090876947352485749e-01
9.206232042798893067e-01 9.255169248989828512e-01 7.457032061907411524e-01
0.000000000000000000e+00 9.962300849010942150e-01 7.112480691349770678e-01
9.908641451985332749e-01 2.981890509133453548e-01 1.388191892033494856e-01
9.532104242443888154e-02 5.527148278274527371e-01 2.998293105798685576e-01
9.999999999999998890e-01 8.703698716115026990e-02 2.245090415196523623e-02
3.959655659425485585e-01 9.832833326945421559e-01 7.486327800275285327e-01
2.857572317330169254e-01 9.355061371515217550e-01 6.816239649013156043e-01
1.065561460843462982e-02 9.869489696167823567e-01 7.027365404900727253e-01
4.563649111510159617e-01 3.241315533663423065e-01 1.440441459239718835e-01
2.713077045608223714e-01 9.999405409930904876e-01 7.511759040165535417e-01
4.937185432039434829e-01 5.206744930895267354e-01 2.941242941092553909e-01
1.073306075400188991e-01 7.636838479277433533e-01 4.873024990501480525e-01
1.800672148305082487e-02 9.442065416340510442e-01 6.585672073855918240e-01
6.991709798661906172e-02 1.002401814345391801e-02 9.501701393631990051e-04
5.937876172078851988e-01 2.315110294371865718e-01 8.931647394761296765e-02
3.996950690265989592e-01 9.955520552863549311e-01 7.631504852580082154e-01
4.424050558910711528e-01 6.127374650950692114e-01 3.718964041882898419e-01
4.650050342026281758e-01 1.258217615056109739e-01 3.539110585560319849e-02
7.079206994625456550e-01 6.340571181985947824e-01 4.092096769743370777e-01
8.400453511799458317e-01 6.558916923188023995e-01 4.397783628473100337e-01
3.714209185285224368e-01 7.229746576814258807e-01 4.705031695596850194e-01
1.680016165209204937e-01 7.459562226181312150e-01 4.756632988278597374e-01
9.354434913225173620e-01 9.993854811064780685e-01 8.385016000707070649e-01
8.548011003340471037e-01 3.589695210232621281e-01 1.791507444604562294e-01
3.519709528510199525e-02 7.375512475765999554e-01 4.565060628511003471e-01
2.505776395034696458e-02 8.765802171377660157e-01 5.900074479615240453e-01
2.174239051305823511e-01 3.150790592514416955e-01 1.324506586641545913e-01
5.508698900256140396e-01 9.478753708603600003e-01 7.275928247012086736e-01
3.841619376727807289e-01 8.951524850768134423e-01 6.491414751837736308e-01
4.888625228207870155e-01 4.196398863903030851e-01 2.129278543013785885e-01
9.584509938415645136e-01 8.760828917862798493e-01 6.910010035633978864e-01
1.005362571167880831e-01 6.508312438035528391e-01 3.831655723633267119e-01
9.280635622159139064e-01 9.774908476163244320e-01 8.102065869062649028e-01
1.033080133241494752e-01 6.990595701874382506e-01 4.266165832811117942e-01
3.454710957922860204e-01 1.944714324852913900e-01 6.607272222881364898e-02
2.058478648245173348e-01 4.727038906136099561e-02 8.092238327225028185e-03
3.785877246675602992e-01 8.289428195520645026e-01 5.780648337460467800e-01
5.363530216586103183e-01 9.999999999999998890e-01 7.863743720784762692e-01
5.615901419667742589e-01 8.379020553262759297e-01 6.060547126913532479e-01
3.050542114064710431e-01 6.847519422854185800e-01 4.287962774277639943e-01
7.438661046651534603e-01 1.570169150803349678e-01 5.144663697304997091e-02
9.052531897076587786e-01 7.309094612298923099e-01 5.225130432951177184e-01
4.168081410419967603e-01 9.532013673796170261e-01 7.171814727958498725e-01
6.883314157798617883e-01 9.123849285884170213e-01 7.030810794940749453e-01
1.478871203061737916e-01 9.679217374831996512e-01 6.998766514131996574e-01
5.165613464688554313e-01 8.850840045490065977e-01 6.528629352197795610e-01
6.494633384928533149e-01 8.802738638183974507e-01 6.621148432228465275e-01
8.497658590206760287e-01 4.670840520641075799e-01 2.651837605723955660e-01
3.469222530158244111e-01 2.279497640622356325e-01 8.368384877955278855e-02
4.098951023363806012e-01 9.897192509252207282e-01 7.577980566451610889e-01
6.452432983273869160e-01 8.287354182618826837e-01 6.045304155940506297e-01
5.936439385520314582e-01 2.348088375582045306e-01 9.121319477203156112e-02
1.149706042819013535e-01 8.670711636713218651e-01 5.900812801918678963e-01
8.791356550206376186e-01 2.019210930522691294e-01 7.636009043045080547e-02
4.232223224230699521e-01 8.966728842934287291e-01 6.551899341386433484e-01
6.766109706169605165e-01 9.895671672732299085e-01 7.924260582666328157e-01
3.371806890585264949e-01 0.000000000000000000e+00 6.678931655803359790e-05
5.151673450127581821e-01 8.692942990556000726e-01 6.353595200078588912e-01
4.863073115018119452e-01 3.641753255245329668e-01 1.722504720062190131e-01
3.211047324907832512e-01 3.667501560549509820e-01 1.691821426838800713e-01
