1.839886065093838396e-01 9.999999999999997780e-01 7.495055734609579190e-01
7.372186863469337714e-01 3.185070239062160469e-01 1.864168752522309680e-01
8.306556581371271619e-01 7.139914569715496429e-01 5.221700798125866738e-01
8.777089018796713216e-01 6.755156966229301785e-02 4.537431642150772243e-02
0.000000000000000000e+00 7.367626552248391913e-01 4.808787298151108169e-01
1.000000000000000000e+00 4.051802838234916937e-01 2.582171981106358705e-01
2.495104082427764547e-01 2.002502328820183197e-01 1.037828139126563826e-01
3.090800209181303604e-01 8.055194448528517626e-01 5.688457634561175924e-01
2.310248494256671170e-01 5.713594279121525510e-01 3.566113211094220636e-01
9.852816709599490075e-01 6.736220111589956705e-01 4.938255529696511936e-01
4.185373772937084347e-01 0.000000000000000000e+00 1.824894999550583791e-02
4.048262543394409718e-03 7.933857151611216629e-01 5.314986143333757518e-01
5.483184438605201994e-01 3.133433386927395592e-01 1.779617270809451535e-01
9.810258870519410479e-01 7.391345996914240324e-01 5.584468573788906598e-01
4.709983815617918568e-01 9.132702704727797549e-01 6.912080531136727268e-01
1.581783064451740828e-01 8.200835656763548753e-01 5.694333531598506637e-01
