3.319642371975121131e-01 8.659084363478753987e-01 6.084479698283715710e-01
5.465066373252740473e-01 7.881914315355031952e-01 5.490052938792692183e-01
9.642160272532382947e-01 9.876522042287606551e-01 8.233322645646192761e-01
2.755164329909007837e-01 6.811016398671229100e-01 4.212666318736885129e-01
9.141753020415230857e-01 2.180753476242945632e-01 8.718924630293073408e-02
2.705368913872223668e-01 5.895527584869122428e-01 3.395702414564844562e-01
6.845080975462233819e-02 8.558920768102837862e-01 5.700429488004589151e-01
8.633459318410263705e-01 8.318932894298932679e-01 6.271773917492806660e-01
1.657155859866626391e-01 9.587724940935198337e-01 6.873886527212630382e-01
8.348827727028687584e-02 6.199593175330434525e-01 3.536609089995095823e-01
6.351343485812095402e-01 1.202839808740069072e-01 3.512284982164311231e-02
9.027648959675840246e-01 4.193789881253046081e-02 8.482852127562031178e-03
7.429909612990919232e-01 6.448138328916335205e-01 4.208253570113721920e-01
2.577577659278511013e-01 3.198842886890328474e-01 1.369609051368425867e-01
3.887647841128194504e-01 2.934726290280313954e-01 1.234624991117569126e-01
8.052892019424705561e-01 6.999744396583390538e-01 4.803931925175728423e-01
6.225143550384718560e-01 4.094424554145424389e-01 2.101852586825116165e-01
5.902096126082189559e-02 9.496520172050270103e-01 6.644473587924654145e-01
9.177242681272836933e-01 2.998774780144297103e-01 1.392884137358336716e-01
4.477020219421370961e-01 9.913194327863464883e-01 7.597118682203188866e-01
1.236188614963020238e-01 2.750116983199008547e-01 1.069786054170241280e-01
6.971981667253428494e-01 9.756231150016622111e-01 7.739978609100899298e-01
1.000000000000000000e+00 7.679171720124582379e-01 5.690139087097186854e-01
3.372262778408594563e-01 7.965082493987102330e-01 5.377211215308926873e-01
9.390114963551193794e-01 7.259314796581446405e-01 5.182478265523643435e-01
7.551827142720173303e-01 3.985561955449543614e-01 2.064847781923170866e-01
1.503985373281477855e-01 7.940365848190549247e-01 5.175209451941776839e-01
5.326893670552590443e-01 5.466380450340662112e-01 3.177643620706537275e-01
1.847554826259541483e-01 9.863962588722053892e-01 7.196351416349012764e-01
2.365361658841748371e-02 8.658092040108794629e-01 5.750841271259347076e-01
8.686641285762635167e-01 7.550314980070265136e-01 5.432973593437794291e-01
2.644598037107685484e-01 4.666829831806351137e-01 2.397494115248348379e-01
3.982125425650852035e-01 4.997459328736140183e-01 2.717430888082989493e-01
7.322057028189632444e-01 8.180234562462335157e-01 5.986588041303025909e-01
4.427479217744097473e-01 9.999538605061333296e-01 7.689426928733420485e-01
2.620574863247413511e-01 4.152501772285604464e-01 2.015686135138528290e-01
2.291531415456969367e-01 3.398214923208241478e-01 1.489743971623222474e-01
4.584348752971895147e-01 9.256874009335612774e-01 6.872013461482103791e-01
5.426284284315822104e-01 7.279915903910304520e-01 4.874123909143457944e-01
4.607770072521957250e-01 9.031291440846330731e-01 6.626479466150640985e-01
7.090787511031814150e-01 9.981540794584176091e-01 8.023995216000798791e-01
1.934936749257986366e-01 9.310216578210290805e-01 6.612656374918006730e-01
9.640188402138244461e-01 9.869033942114849856e-01 8.223753248341637567e-01
4.941353081037830886e-01 3.253508714583702721e-01 1.463928199271323505e-01
5.036915308570042438e-01 1.030324223149088753e-01 2.752246113301055550e-02
1.274673559935237677e-01 3.620416564870251319e-01 1.605823028311847422e-01
4.737747358027274980e-01 7.291535784306512058e-01 4.828206909570599836e-01
5.752239756670846083e-01 9.998235248618430049e-01 7.865057120809849645e-01
7.408239915504358786e-01 6.834358542041701901e-01 4.587077884483902745e-01
6.406323736141800174e-01 0.000000000000000000e+00 3.123730336770523162e-04
5.159800788509613101e-01 1.786126970770621492e-01 6.097597798341702902e-02
5.738834798047359742e-01 1.000000000000000000e+00 7.865335625813243414e-01
1.201944277895076185e-01 1.955770755550143292e-01 6.486952773357773649e-02
7.407163758940956688e-01 6.853070987445801787e-01 4.605700267222067601e-01
9.483057691909343445e-01 8.593532916561499313e-01 6.673464280830905260e-01
4.797540517296886020e-01 6.244982817212585413e-01 3.837991340410711882e-01
9.387447992046061840e-01 7.215427977106234625e-01 5.135678817033223487e-01
9.018400057266380276e-01 6.400399276677501414e-02 1.505836663022274736e-02
8.932842272467039768e-01 2.651564134406430573e-01 1.157574079822227958e-01
5.796010071830514088e-01 9.921495432064191267e-01 7.780949829453878142e-01
8.960952837803434212e-01 1.998976494497528011e-01 7.654702340235314262e-02
7.729931995147971691e-01 4.569314635664421809e-03 8.018868759430424105e-04
4.991990018783054039e-01 2.089522680238034280e-01 7.644166912642365308e-02
9.619587911815200565e-01 9.777803472740671520e-01 8.107937671679401603e-01
3.493743168311837233e-02 9.676745945135061255e-01 6.802771191097731762e-01
6.189625970152864420e-01 4.851946084082073840e-01 2.701490729809523650e-01
5.296244110181077547e-01 4.840067116272082082e-01 2.651107106860033924e-01
3.150366972577450242e-01 9.928084036822116820e-01 7.438623913619547556e-01
2.612057147913855459e-01 3.966759614514572263e-01 1.883373343409466549e-01
8.588944350786340554e-01 8.860012563797070584e-01 6.884475035074045790e-01
3.322441894470375967e-01 8.625503425329654750e-01 6.049638459033604976e-01
8.616617025717649980e-01 8.535015297534428447e-01 6.514343511614396620e-01
0.000000000000000000e+00 4.641373155070319112e-01 2.265249802473993379e-01
8.631102127123443379e-01 8.349990710408510264e-01 6.306461639849485490e-01
4.101996753177712951e-01 7.237413362685489737e-01 4.722431659854175456e-01
