7.097759071524790964e-02 9.478512705587935905e-01 6.631625288718845379e-01
1.262730969166771244e-01 1.070275736810674394e-01 3.162703502407770983e-02
1.494078236673829219e-01 6.364582308767831043e-01 3.758885917625049422e-01
8.840456807575135523e-01 7.337074651337466280e-02 2.276656776170893001e-02
3.712024974325572879e-01 5.929900712594589340e-02 1.624812633415386245e-02
8.241084179787698805e-01 9.849264002653143057e-01 8.045311559022833015e-01
1.269013387996614783e-01 1.227928964137804946e-01 3.773549397831374441e-02
2.940999947017131078e-01 9.112592189807430243e-01 6.530680014834592262e-01
9.510388649226533819e-02 5.975447723749405249e-01 3.393584189653807148e-01
0.000000000000000000e+00 1.131851108119280025e-01 3.314218022886430970e-02
2.933923492420454915e-01 9.037971072898347558e-01 6.451427962443876396e-01
1.436810344777065054e-02 4.578860607790269932e-01 2.272814606025758966e-01
4.066649327078935006e-01 7.145201310023019392e-01 4.669213500926554516e-01
3.700382326630711205e-01 8.864758051322801924e-02 2.615249712558978187e-02
8.258781563548501792e-01 9.762270516200070025e-01 7.943377608433734860e-01
1.693500113979298227e-01 9.286454855699904920e-01 6.558293316430973130e-01
9.125383818980452588e-01 7.109993544276002053e-01 5.064152446826843956e-01
3.092340634995877080e-01 9.991904693641547874e-01 7.499032803516645362e-01
4.660250694576384412e-01 7.561171759616255317e-01 5.126843116855615001e-01
1.123772662456039989e-01 2.040877772182397853e-01 7.418993160070572190e-02
8.162746305777900391e-01 9.999999999999998890e-01 8.216198479515898212e-01
4.697994711849173277e-01 6.907681700598188312e-01 4.495618404114998801e-01
1.357853349236970431e-01 3.402515113152614346e-01 1.521982772705022524e-01
5.021953144774251587e-01 1.538413411962654201e-02 4.871970429757581725e-03
3.922257135261674188e-01 4.195021140119937209e-01 2.153208618481810555e-01
1.000000000000000000e+00 1.545700583106993098e-01 5.967079640498345466e-02
8.251230873687885603e-02 8.173225007689260968e-01 5.347387818134391457e-01
7.960398598913789314e-01 8.636874976453675634e-01 6.601587857723780761e-01
9.333018804046683270e-01 9.668128258593546853e-01 7.973742469355383777e-01
1.753188834843131538e-01 9.736695668725636743e-01 7.039082751535228333e-01
8.992230127976822418e-01 4.404991845628529745e-01 2.524142988793101616e-01
6.432286639814436269e-01 3.724919300791003640e-01 1.900131556379873188e-01
5.771321965713231972e-01 9.471978536880822919e-01 7.277670669679005000e-01
8.602731119029978224e-01 4.689048544288627607e-01 2.743618707794991396e-01
6.432002378475102367e-01 3.718274783925158977e-01 1.895289837932738475e-01
5.530430655719238420e-01 9.621380883780346061e-01 7.415288403155289032e-01
5.173219886362393494e-01 3.867410549654106688e-01 1.960529525100813408e-01
5.455749770328964798e-01 8.944123061902581329e-01 6.652240188402730459e-01
3.121748436682667549e-01 9.998279207732391205e-01 7.510181040819529086e-01
1.598204061659195541e-01 8.142572557087377483e-01 5.397878913578274540e-01
5.950581073689705791e-01 7.133003970498760227e-01 4.817910875280926319e-01
4.038392162910546535e-02 9.041000378727989117e-01 6.149891287749247315e-01
8.887936598077897932e-01 1.921476335183992801e-01 7.856432639798242856e-02
4.064392560542690602e-01 7.105425226625078361e-01 4.631107913423291866e-01
4.890313575605344520e-01 2.750975613418196186e-01 1.204159908828775077e-01
8.908735915793164484e-01 2.433514375028366372e-01 1.088106886785813882e-01
5.251420123448324873e-01 5.595592614443045676e-01 3.342019485056589856e-01
7.783238255764139968e-01 5.625808504682708877e-01 3.520746020221404704e-01
9.717343258119999216e-01 7.620684725222806044e-01 5.660060003603245571e-01
8.796212692538717404e-01 0.000000000000000000e+00 2.155764432564246259e-03
7.753783584736392287e-01 4.998519957961584104e-01 2.965513530038389467e-01
6.510986895761995408e-01 5.477992552345433142e-01 3.313692355756428509e-01
7.932567098914594661e-01 8.263859417449745948e-01 6.184753940629508229e-01
6.673688321127803080e-01 8.351958724411776558e-01 6.146691529140188015e-01
7.508349613821718727e-01 5.734256297455629647e-02 1.673723926224480671e-02
