2.391594558981229302e-01 2.524269155478091053e-01 1.434192698705955005e-01
2.659443171492564817e-01 2.048930187546191273e-01 1.177364065774421098e-01
5.564797133044371291e-01 7.824394642507317421e-01 5.659558201706109681e-01
3.954162640728769995e-01 1.433625166757993008e-01 8.835919214167220481e-02
5.311199054881799997e-01 2.425236118272098285e-01 1.450895164783533031e-01
5.917301253768078029e-01 9.779984671396618756e-01 7.631095371159557494e-01
6.635587215630638358e-01 2.574134504951590130e-01 1.575134220580544919e-01
6.859172116318686951e-01 7.425773839835980716e-01 5.407835327611903997e-01
8.314106847041409232e-01 9.266837676650488964e-01 7.394398827494138571e-01
4.656951366313806795e-01 9.357079229755372873e-01 7.041924589874479778e-01
1.728485370484108274e-01 9.331854145680481549e-01 6.659439876701954697e-01
1.000000000000000000e+00 8.592170687910147819e-01 6.878648538274799717e-01
8.618562565334700887e-01 9.300786695536301663e-01 7.467236962744715489e-01
3.922856083297702676e-03 2.477134415430818914e-01 1.347440671239433507e-01
2.645368202923283341e-01 1.685970531727534749e-01 9.880123600293899688e-02
8.225872965426981320e-01 8.192125713191040770e-01 6.280903714697684270e-01
4.489774826425269039e-01 9.999999999999998890e-01 7.669678213851301996e-01
3.304172799326902110e-01 9.631527953389694696e-01 7.144954954128561742e-01
8.401620524413654367e-01 9.875589158643883758e-01 8.057408476996577029e-01
7.282265819456515965e-01 9.458767568400369141e-01 7.469631390701143570e-01
7.595661626277989686e-01 4.232668493324812098e-01 2.749058300224443974e-01
2.022412617763267861e-01 9.334543872273609599e-01 6.697862650277983665e-01
3.329089181217340099e-03 2.326388220717963140e-01 1.266290280697423276e-01
0.000000000000000000e+00 1.468819291069665134e-01 8.383272326229902760e-02
8.082264899439027817e-01 5.582934372210167639e-01 3.856483231898998887e-01
4.261959822221537686e-01 8.067247197197703334e-01 5.757029832101332456e-01
9.833166376664759234e-01 9.947470650817847870e-01 8.325819053568244144e-01
5.964105036869741250e-01 9.455897096426230108e-01 7.302930083453161858e-01
3.590785008148615898e-01 5.349519237338208333e-01 3.390593748217162751e-01
2.581362315073377212e-01 0.000000000000000000e+00 2.733357938796727310e-02
