4.112905638960325794e-01 8.095417678746373857e-01 5.575658789479841504e-01
6.312184214388304460e-01 8.912026771207627596e-02 2.123090253068686886e-02
2.105920894668586452e-01 6.489033499681593486e-01 3.860864956641674728e-01
2.068012230544094832e-01 7.150242716813861588e-01 4.462446712974855179e-01
7.189671248753465305e-01 9.070594708561002806e-01 6.969604679454546314e-01
8.432019955339606909e-01 9.667148214637066861e-01 7.826777859230387158e-01
7.555447866663920209e-01 2.598320959301504973e-01 1.076159242308119823e-01
1.300308967487099343e-01 4.899224770774184834e-01 2.496177798066729348e-01
2.495287187353550096e-01 2.212536165228105034e-01 7.749948249845887982e-02
1.174103321208003758e-01 2.090928750093920818e-01 6.950648033497822120e-02
9.723517889224833066e-01 9.800114586000492345e-01 8.157078150929912841e-01
8.838727058177034968e-01 3.343403072057975489e-01 1.603644501425790236e-01
3.099288163050907818e-01 9.955704265710038081e-01 7.468146636164217922e-01
5.200612645255806576e-01 3.878847573985555464e-01 1.885477642952197719e-01
8.133288044215670753e-01 8.985401398345689294e-01 6.979636988936369635e-01
5.159806342582579086e-01 2.963783032679915275e-01 1.258811944266302052e-01
5.186615794604165774e-01 3.568689783988379105e-01 1.663650891217512140e-01
5.367924832322986672e-01 7.158475355733463497e-01 4.738663077661313117e-01
9.002816200192141904e-01 5.039830849592764894e-02 9.469610071581341382e-03
4.556759575738854040e-01 9.080360983008174403e-01 6.674826620485497797e-01
0.000000000000000000e+00 5.221696622143843225e-01 2.680582901757407877e-01
9.548340561195730603e-01 9.763904404803700476e-01 8.089219549549785393e-01
2.809322986239018785e-02 9.391710777313495573e-01 6.498189687300813810e-01
4.896468750345313592e-01 3.215992524304240874e-01 1.416268184530493079e-01
3.629333445855555396e-01 2.092540601133093814e-01 7.274816895692595708e-02
7.062212659424983441e-01 9.915502316163187224e-01 7.948563892092833649e-01
6.601224284939126719e-01 5.650079294910201888e-01 3.393661798950143305e-01
5.132323354336225663e-01 2.331093054892906802e-01 8.779576320862347849e-02
1.900034517702706149e-01 9.312263878647171200e-01 6.611379549353951779e-01
7.665524031019994577e-01 0.000000000000000000e+00 3.201182618718284571e-06
8.059254102999247049e-01 8.073518947385248667e-01 5.937641036106610093e-01
8.071137887085270968e-02 6.171882926762747301e-01 3.496796885580453762e-01
2.069398915816280105e-01 7.127055894799719793e-01 4.440877719374301535e-01
2.538541824205567399e-01 3.206200737818428737e-01 1.352262864012636900e-01
1.063629155963501383e-01 5.263044727767814818e-02 8.806155647537923861e-03
5.297084722595184481e-01 5.880844455348418487e-01 3.524562789888870395e-01
9.351212098947870865e-01 7.722135170519327518e-01 5.672149256256934224e-01
9.740042490461928715e-01 9.713967250369299755e-01 8.051910796875737519e-01
4.378716126131996789e-01 1.000000000000000222e+00 7.689892784446392682e-01
4.318879154371103868e-02 9.999781802422029742e-01 7.159493825586057403e-01
2.234761936416116701e-01 3.880366079075719399e-01 1.790228630326576031e-01
4.321110066762686164e-01 9.915416894736552855e-01 7.584918264062696647e-01
1.170261178633935362e-01 2.001125600379094482e-01 6.507765817628680116e-02
2.765895770092275385e-01 7.638464582673237802e-01 4.989634125667138376e-01
4.466511606274892743e-01 9.766148378698364940e-01 7.433180497448411694e-01
8.685442231654197931e-01 6.494901978648482954e-01 4.328805771317074114e-01
6.343663433143251762e-01 1.406856216697448259e-02 1.362183015650077472e-03
1.978284150409860831e-01 8.473155151185707279e-01 5.746643190285123381e-01
1.000000000000000000e+00 6.520485074896491540e-01 4.447390212326248204e-01
3.235101633440566893e-01 9.136428689601813202e-01 6.581680221768030359e-01
