4.038688179999190830e-01 2.572204616829493751e-01 1.870714274106853314e-01
1.000000000000000000e+00 8.492902055150037821e-01 6.913829387941526905e-01
1.009337022687026020e-01 4.156190331404695515e-01 2.718521118437551287e-01
1.519551582878883866e-01 5.368700684443042936e-01 3.563734496254430395e-01
7.275367602601365835e-01 9.530830047693523710e-01 7.597723407409523455e-01
2.175427421193796007e-01 7.395643922540499071e-01 5.145259599807112671e-01
4.717722043657736064e-01 8.766134636211984077e-01 6.575157856602711348e-01
9.893301844286380708e-01 9.629605988253686633e-01 8.029609601166491917e-01
1.903670772783674081e-01 9.999999999999997780e-01 7.335684394376141837e-01
7.311033637822685893e-01 9.202478618648095576e-01 7.285742921513895798e-01
6.005746021952693692e-01 9.093325822537741132e-01 7.025312108119743382e-01
0.000000000000000000e+00 0.000000000000000000e+00 5.471582076065596711e-02
9.040838784324973787e-01 4.215862188865493465e-02 8.323604205773771358e-02
3.459569915347713298e-01 7.932671073684853802e-01 5.713067656890633561e-01
8.135673954789338636e-01 6.220917507285549375e-01 4.691105498758645909e-01
5.657054665602752053e-01 8.813214953647785510e-01 6.725750587394265789e-01
8.108906158521319574e-01 5.639151890497288155e-01 4.212531579563068562e-01
5.696951801082696942e-01 9.263250285234303494e-01 7.146440638106064114e-01
6.687891126350089532e-01 3.057284014019442386e-01 2.262996355957466454e-01
4.952273546990153541e-01 4.243109759553761462e-01 2.978015841296217103e-01
7.050798829934786793e-01 9.597848610391299662e-01 7.634139070764529578e-01
5.057082725376872423e-01 1.472961515830745749e-01 1.287810592512803887e-01
5.019457971803285012e-01 2.503274678857224100e-01 1.862112204260570336e-01
6.715556419345050099e-01 3.773423213119297959e-01 2.740528359733418462e-01
1.489018724490968615e-01 4.650720612822013544e-01 3.068186100845403108e-01
