9.375996984931923572e-01 7.327284661447601710e-01 5.348646342297191936e-01
4.184972671894558460e-01 8.714258062511205383e-01 6.271129659118374056e-01
8.931769137521424762e-01 1.814236345261531769e-01 8.382292319906488320e-02
9.809095990825189570e-02 2.303198595324594256e-01 9.786920543926948268e-02
6.049789955230132632e-01 6.953373675872780435e-01 4.703589478855586536e-01
1.421141394881453857e-01 6.910630728789268762e-01 4.298076584980070614e-01
3.151818684380365276e-01 9.853715704844153711e-01 7.340171385425388051e-01
1.715377263041353295e-01 9.980265793399528684e-01 7.284779218150467806e-01
1.721644535912074114e-01 9.993429115388742234e-01 7.299394977101726356e-01
8.579255353510824023e-01 8.668266296030334717e-01 6.701476590699577685e-01
5.630952008232192885e-01 9.793950126478955243e-01 7.597154307084947877e-01
7.497285776348533437e-01 4.442261786722095929e-01 2.591254355254737907e-01
8.756790806858767429e-01 5.755320848794929223e-01 3.776059704635639225e-01
1.968818370099055248e-01 8.687412395045405189e-01 6.002079070233032887e-01
4.858790711491929593e-02 9.939352961081734383e-01 7.079563354855589186e-01
4.787663557985356588e-01 5.831433750338816946e-01 3.598869831837823163e-01
2.288951507767641447e-01 2.631770715600092458e-01 1.186349553085684627e-01
2.632469109684844044e-01 4.723139684761498147e-01 2.590943730904943787e-01
7.593924362935902117e-01 2.203428699001961921e-01 1.039424628416338592e-01
0.000000000000000000e+00 4.961300955757126374e-01 2.640637483716891665e-01
8.551883314044498308e-01 8.984248443954252483e-01 7.049297976933549537e-01
9.769604489072272191e-01 9.811470359001136510e-01 8.153365814939343981e-01
4.103768755439941573e-01 7.570447123387418209e-01 5.128437261057530172e-01
3.104523211408253824e-01 9.999999999999998890e-01 7.490580923319503093e-01
1.976370904279421137e-01 8.593974503757334515e-01 5.911163087873713140e-01
4.300927053079729445e-01 9.749104607511086540e-01 7.376451402893915432e-01
3.778445299216336428e-01 5.789886577737001633e-02 2.373734884751825536e-02
5.039975306800329458e-01 0.000000000000000000e+00 7.150719770838321818e-03
1.660131651647601958e-01 9.764502577622372614e-01 7.053013264443981356e-01
9.042892982603589758e-01 1.614093688153184214e-03 8.048645127334771304e-03
9.139503915688447500e-02 3.871108594099766376e-01 1.918094952551818999e-01
4.571661807401764532e-01 9.139531345638838289e-01 6.757491324857235471e-01
8.294031262149581529e-01 9.884361933159294678e-01 8.046904082551777915e-01
8.569952202001267505e-01 8.780064823430059340e-01 6.823935038510250406e-01
2.549759954646620974e-01 2.843209208073934624e-01 1.316264399988498202e-01
1.644305358987143972e-01 9.670014608795552968e-01 6.953462516638211355e-01
5.196069228091593217e-01 2.908444568939017594e-01 1.419902149038510253e-01
9.420527701343718308e-01 8.025340311778225155e-01 6.088028329080436007e-01
8.301346458171308118e-01 9.912496202196042772e-01 8.080717005174261613e-01
9.571943600689548637e-01 9.650446135945817128e-01 7.937360872949318358e-01
2.520923499521194114e-02 9.077940985844037414e-01 6.191291346815543939e-01
3.897529379400826444e-01 3.451325395082417979e-01 1.737045301885684623e-01
3.802441835311255736e-02 9.944479786359786688e-01 7.070832666532748112e-01
2.228861658931962919e-01 4.026268701242410319e-01 2.071305531956260937e-01
6.446872306509250361e-01 1.193744244535257515e-01 4.989760854722016109e-02
9.999999999999998890e-01 7.214829071926358584e-01 5.285478736657271970e-01
4.164201098768214315e-01 8.452621860297799827e-01 6.002615380929021693e-01
9.736390679570671169e-01 9.945286035055959095e-01 8.308820238751793985e-01
7.914128102098431095e-01 4.604937413132292878e-01 2.740013855118900721e-01
9.433677079428437473e-01 8.213630016091797437e-01 6.293106482493101561e-01
8.262265373111592481e-01 9.726046362120815969e-01 7.858817057282360130e-01
1.808346195898557773e-01 9.937142675807372205e-01 7.251971411231998843e-01
6.175114449667267191e-01 4.451012299123568439e-01 2.541504856143209090e-01
4.522504887563442155e-01 9.565521949026020154e-01 7.206094993784341041e-01
2.885523451353484981e-01 8.970514152948019237e-01 6.387441811602471153e-01
1.021576950767387887e-01 1.314227014651558612e-01 5.039604281400807129e-02
9.046919467972746043e-01 1.163537504342995049e-02 1.071840430329083077e-02
1.031557795743195532e-01 1.068616609283452867e-01 4.031097448636226238e-02
1.860591101767156696e-01 9.689853309273538384e-01 7.001451577828515793e-01
7.552224655021892996e-01 3.193772290605531583e-01 1.668902064013712550e-01
