5.031395983583510922e-01 3.928521998844083374e-01 1.428154277426921526e-01
7.309060128530255884e-01 3.843044224840095890e-01 1.439214189600638016e-01
1.000000000000000000e+00 2.337054765193573858e-01 7.590702818269438878e-02
0.000000000000000000e+00 8.078324641051831678e-01 3.655279258156417521e-01
9.408178941704786746e-01 9.946621301864805309e-01 5.828019646604744031e-01
1.366124536953323698e-01 8.769289558647946903e-01 4.224546630184902174e-01
3.205757522309671814e-01 7.134444841128980697e-01 3.238360341135452236e-01
5.981334685932508943e-01 4.171973082061368743e-01 1.579567026896798732e-01
1.095047868986755990e-01 3.988095112382445961e-01 1.359558970196231009e-01
3.553393565059516090e-01 0.000000000000000000e+00 2.294540661609190471e-03
1.743366713909993149e-01 9.156604622985669018e-01 4.530155100028787629e-01
4.443527263356353285e-01 8.289094714649629658e-01 4.113176230030393676e-01
6.909489460329427679e-01 9.790036941551131244e-01 5.466274595750642007e-01
8.487705304753275781e-01 6.606052951818618402e-01 3.170825013740400933e-01
5.510270162923646131e-01 9.999999999999998890e-01 5.506390356452927071e-01
