3.834289540442195054e-01 2.868058456520468646e-01 1.180365847145149333e-01
2.242652490936894449e-01 4.794570665718532743e-01 2.464947653344379541e-01
3.648117117215250449e-01 1.649579489772433905e-01 5.177607569239613128e-02
7.739453250417597241e-01 4.993698574373516275e-01 2.890174735045031862e-01
8.273509798702683993e-01 9.626066274996336602e-01 7.779014263562816778e-01
8.393660598513610904e-04 2.524811092489845921e-01 9.083209476911101310e-02
8.322908362028317297e-01 9.223688628851749449e-01 7.303651215826297838e-01
6.827653163858107277e-01 9.872616929114835793e-01 7.881690938300837113e-01
4.525777507567334546e-01 9.080387751633172133e-01 6.677222000905391752e-01
9.999999999999997780e-01 1.664916178437522709e-01 5.860001671789853706e-02
7.194765709037258539e-01 7.323052733821909799e-01 5.073433903741647599e-01
4.245404601234767927e-01 9.659020365458839130e-01 7.286783585132203811e-01
8.403868929631979068e-01 8.269852739489793603e-01 6.211758051968102601e-01
1.545922219689488952e-01 7.935033133038115194e-01 5.164316492436664685e-01
2.373094937672139138e-01 1.759933099821648916e-01 5.565042172158111283e-02
5.155255353401518859e-01 4.040061417140579647e-01 2.013849160478723976e-01
6.444895196817252980e-01 4.468960040347124130e-01 2.394789486905526676e-01
8.870426137559223045e-01 1.763190593897193681e-01 6.260683523002606721e-02
1.627889171969486293e-01 8.998754416001137901e-01 6.243283488901434364e-01
8.028772843532679948e-01 9.455380442147227615e-01 7.542218346607983959e-01
1.335828168399454952e-01 3.859828141747849717e-01 1.753212341316670864e-01
4.633830380665984738e-02 9.822120216156503547e-01 6.959389224202978674e-01
8.411578223134382748e-01 8.161037917570120870e-01 6.090698558489081593e-01
7.724755613267851595e-02 8.384724364487311510e-01 5.525464951680707504e-01
5.560593257566810443e-01 9.885816763170468535e-01 7.724171527170754503e-01
7.703612691405592461e-01 4.205982481297476094e-01 2.235629099698955013e-01
5.613051822134375035e-01 9.997712363472215369e-01 7.862667055238607983e-01
1.478307884091883129e-01 6.809992560472718504e-01 4.103633098888386788e-01
9.975462523491309685e-01 2.260924203189014214e-01 9.218483866775903368e-02
9.684974681744353830e-01 8.119414804096476423e-01 6.174030550626363745e-01
1.291090360809912518e-01 2.815925872820947973e-01 1.095236182417703569e-01
8.798900828055798984e-01 0.000000000000000000e+00 9.486549404864833977e-05
9.433033869513540726e-01 1.000000000000000000e+00 8.396868835745471271e-01
3.020404097323675097e-01 9.888837187430461473e-01 7.380126596293142827e-01
9.491799528183849644e-01 9.894957314308001628e-01 8.273270597412558658e-01
8.217988302563588032e-01 9.906468015592179155e-01 8.112914605409442537e-01
0.000000000000000000e+00 2.323071521955889784e-01 8.024939415634667339e-02
8.662646659913497693e-02 6.905509882079116091e-01 4.141026263892875203e-01
6.382958040704814762e-01 3.049415061675181948e-01 1.353330049897410181e-01
2.561709397716596115e-01 2.818705144792637007e-01 1.123539816929886859e-01
2.402422176514972807e-01 1.040580956481002850e-01 2.566295098411391223e-02
2.725969445266585023e-01 6.385155654224069499e-01 3.815716397849489017e-01
1.131209566107706233e-01 1.058089908314492900e-01 2.567188271689186535e-02
2.489700309010399459e-01 1.071272232989702033e-01 2.682495615391724750e-02
3.008842677952854872e-01 9.842234144970218868e-01 7.326570767574811516e-01
1.799564776516353604e-01 9.996543178996359913e-01 7.330959936375418540e-01
4.092822581864511977e-01 8.023026647340613104e-01 5.505087049338865945e-01
1.395896870973986348e-01 5.184582976402215548e-01 2.726090907440891775e-01
4.221786657543087906e-01 9.491214266397213217e-01 7.095140297786957095e-01
2.584864866440409470e-01 3.364109863107511145e-01 1.462615178445557940e-01
9.692305921164536819e-01 8.012124263295868909e-01 6.053143963363326607e-01
5.175394210542247908e-01 4.491127757553488031e-01 2.359142202763024609e-01
6.911343646791533457e-01 9.988767785856580428e-01 8.032482354529663082e-01
8.883671855731147815e-01 2.085218277448201152e-01 8.029097306094282183e-02
1.695148161839060141e-01 9.597187298047206161e-01 6.883427780977794397e-01
3.524100878916077151e-01 4.554925308860386934e-01 2.338394714114468698e-01
5.892394634767643691e-01 7.837057487971751391e-01 5.489236732867162072e-01
8.781630775178239645e-01 3.807557243358013210e-02 6.729761407417776502e-03
7.770998075622608248e-01 5.654615335120485309e-01 3.481533747091303810e-01
2.378715080651534475e-01 1.622690010444751696e-01 4.935733858413444974e-02
9.826451476766552284e-01 5.622884294506126368e-01 3.573308483111735656e-01
3.987347206795939791e-01 6.209650823953307697e-01 3.746118999853321196e-01
9.424940115483119996e-02 5.425604020589950283e-01 2.892211471073622420e-01
9.533046032374979939e-01 9.696055105152892040e-01 8.031139600629995101e-01
8.017198384252831600e-01 9.358235620665880106e-01 7.425113478136204925e-01
