1.675372276006213135e-01 6.530350377312235111e-01 3.873676779138566784e-01
2.016172712753402929e-02 4.510993917927132446e-01 2.191808782821503265e-01
2.364122146197362717e-01 7.460293916996565411e-01 4.771717667085295100e-01
5.714917211006534936e-01 5.291905352838436327e-01 3.047001542001702701e-01
9.723725789124484375e-01 3.262999705133370343e-01 1.605306930200591509e-01
4.436848242615529792e-01 6.944029556917151735e-01 4.448312271592069211e-01
8.495619911018941206e-01 6.117002670249026552e-01 3.943342789533442194e-01
4.930194707303633961e-01 9.458508552467819186e-01 7.082862879583116111e-01
8.666228507079230814e-02 9.091565027921627573e-01 6.224904292545681006e-01
7.092039205396404311e-01 5.457366519745360245e-01 3.260447962638458597e-01
4.424126438627719593e-01 6.728866752229184511e-01 4.245671327661569294e-01
6.420702111890227992e-02 9.977623678148653807e-01 7.115652597956283465e-01
6.038900752883297196e-01 9.663724070963496393e-01 7.447569482858437118e-01
3.668776427529573669e-01 8.363206798309197332e-01 5.778429266752931337e-01
1.000000000000000000e+00 8.265105000712797967e-01 6.293863614577489551e-01
6.668814908038116496e-01 3.722667803896010930e-01 1.851450515136587871e-01
1.860161689370351812e-01 9.088145134032454830e-01 6.332574892132294408e-01
9.685531903487474281e-01 2.413666394263731529e-01 1.039594006341907489e-01
9.410745852999992112e-01 3.623036157586835837e-01 1.859340335004271705e-01
1.902067271564477080e-01 9.452088505500569893e-01 6.716732068429726032e-01
7.287584009280362318e-01 8.576480147280444166e-01 6.369274787642229541e-01
8.515427425896527902e-01 6.473576549149360204e-01 4.287732350363444578e-01
0.000000000000000000e+00 0.000000000000000000e+00 8.923726661641589921e-04
7.227272569195760665e-01 7.775261507563324681e-01 5.504138566105921671e-01
4.829318967155985520e-01 9.962586775213385648e-01 7.636440374922573993e-01
3.708124219298759017e-01 7.828580335885068076e-01 5.244303682485557117e-01
2.109962765897382964e-01 9.911825121923708570e-01 7.232923831980111462e-01
3.393257157496949450e-01 1.000000000000000000e+00 7.493906015183122715e-01
