9.780422905776827713e-01 5.791658527293656045e-01 3.890162965442076071e-01
2.205951398431032218e-01 3.292341643764319925e-01 1.584772618272401179e-01
8.844943407117595857e-01 2.643516812941186234e-01 1.328940124115661203e-01
8.680193095355351884e-01 5.074981710439718102e-02 2.218207020526088633e-02
9.561383274174238833e-01 9.111963330447312437e-01 7.366909873279343657e-01
4.484131415285377287e-01 5.034041111991128803e-01 2.935040131321574042e-01
1.490784040208492367e-01 9.675717917682961078e-01 7.009399585125238863e-01
8.113649546744221563e-01 9.888965534893322529e-01 8.096536406741503544e-01
9.681660458311639461e-01 7.554006667423726062e-01 5.648108023044160486e-01
3.267498033143018121e-01 2.416342263206633090e-01 1.078915535429072897e-01
8.950254628051371175e-02 3.802331153234430605e-01 1.877061417764821494e-01
8.320438282874068059e-02 2.346973624977727602e-01 9.953830996330388647e-02
6.792095022378220603e-01 9.842544642007690081e-01 7.870693706818679969e-01
1.274300288696290362e-01 9.650914721467177548e-01 6.956325972879929820e-01
1.764878802327254637e-01 6.087739677781756065e-01 3.646763237848258399e-01
6.698027899528140594e-01 9.988958188612210298e-01 8.027209437163165262e-01
2.844433237469546905e-01 9.540981154996508451e-01 7.037330888823276620e-01
8.990719079091609167e-01 5.819426472952987650e-01 3.867733305118334908e-01
5.133055170512027532e-01 8.221288187051910556e-01 5.915892256321537701e-01
1.831117738655811400e-01 4.743272704217658120e-01 2.580907937613551306e-01
2.570904694037210447e-01 9.381360131285820803e-01 6.835842429050317248e-01
7.941722358831099227e-02 1.440416219424627831e-01 5.489922462955196258e-02
9.938352544358352025e-01 2.323602294081046071e-01 1.146185661925952642e-01
1.900785292854972885e-02 9.447150014897103265e-01 6.613912241129461522e-01
1.254832839699135394e-01 9.517556245222389411e-01 6.816263608336768920e-01
4.046748453960563596e-01 1.000000000000000000e+00 7.688512086712766536e-01
1.100571372367344092e-01 7.753047259470233765e-01 5.070439894739952047e-01
1.063927366032006161e-01 7.165031582442320524e-01 4.530454905530814647e-01
7.765828373543269825e-01 7.727415557757886244e-01 5.657627040144560526e-01
1.235592354093273393e-02 9.849291130510268166e-01 7.013536153613169066e-01
2.033965943223363382e-01 0.000000000000000000e+00 6.090261137305270044e-03
2.615261416696742502e-01 9.697087116537314033e-01 7.174274022213197322e-01
9.358456194549886753e-01 9.980429239622657933e-01 8.369037937908692104e-01
2.001510405171244289e-01 7.944854234034839924e-02 2.964648886976535905e-02
2.745842129087242567e-01 9.978070633049321847e-01 7.492351552566132167e-01
4.568595896497880116e-01 3.170458750304343543e-01 1.570876726617017605e-01
5.505144098495426963e-01 9.583695576950884698e-01 7.414428298702639974e-01
7.969371667080810129e-01 9.806144654402818572e-01 7.980606178948020935e-01
8.627138524900895833e-01 1.794744670695674893e-01 8.146752700817290471e-02
9.999999999999998890e-01 8.391807623184166509e-02 3.576572312409125737e-02
6.914846722723205774e-02 2.230692804697533699e-02 1.120529790562899315e-02
0.000000000000000000e+00 9.924973437003269394e-01 7.074976851931945587e-01
7.994921825149390315e-01 9.908186997954094855e-01 8.103650684816093852e-01
5.972764756557734644e-01 1.496246332477712826e-01 6.281156740206216005e-02
8.574694015097653055e-03 9.966002978554536762e-01 7.128403867155160833e-01
