8.648909994113784805e-01 3.183029564668869993e-01 2.040380098025806888e-01
4.871232556096500854e-01 1.454656270749185576e-01 9.074413349073767732e-02
1.895240994809759549e-01 9.448517701722151108e-01 6.815161994927363409e-01
6.316207110710054806e-01 5.582323396357831424e-02 5.061188993578814854e-02
2.017417479630349286e-01 7.943050976725125611e-01 5.438570133879835344e-01
9.999999999999998890e-01 1.359257432564814905e-01 9.378520732598046028e-02
5.370121835557225554e-01 8.111362641420938324e-01 5.939657425587342443e-01
3.592871593621964621e-01 1.375939266947370787e-01 8.481264233419029408e-02
2.755671768037339098e-02 8.553574532814459674e-01 5.795092622049233810e-01
8.597004278657500720e-01 4.458685000072436511e-01 2.983425107842855861e-01
6.185874006715335049e-01 5.548658243377856125e-02 5.035516136799543518e-02
8.768804795233117177e-01 0.000000000000000000e+00 3.010996925640946342e-02
1.290263764203189722e-01 3.178439144526458149e-01 1.787582711837077953e-01
9.937845135254098627e-01 2.988880843208788773e-01 1.948187349806823898e-01
7.639887203512922831e-01 1.699042753463694821e-01 1.084951344688055014e-01
9.847337524462872471e-01 5.177196119965375987e-01 3.640349364604427151e-01
9.624303981113732087e-01 9.041514008008461056e-01 7.361569503338574183e-01
6.563109643327375009e-01 6.552325647534578135e-01 4.611632953684352554e-01
2.797707004728242630e-01 7.958519023463780373e-01 5.531963684638990797e-01
4.920054305081075219e-01 1.326263712437393549e-02 3.285957101059401586e-02
0.000000000000000000e+00 2.950305590938422928e-01 1.610249856703056259e-01
7.674999855628908407e-02 7.417306287237174223e-01 4.861364692476261573e-01
5.686476531373545473e-01 9.809009867743961886e-01 7.672618965524238277e-01
1.277717802009163406e-01 2.858522654297301901e-01 1.596234167929662662e-01
7.047747651685657422e-01 9.191158563795279735e-01 7.205417366461865925e-01
5.843600623037835673e-01 8.216109790714609673e-01 6.090197817491592724e-01
5.980885090283994954e-01 5.677364297245515168e-01 3.817560152394814388e-01
2.563874342763250436e-01 2.982807546086074235e-01 1.710308352912502938e-01
1.559131037739408532e-01 8.584059105629708863e-01 5.966791991604435408e-01
7.154450216647957328e-01 7.751121421246939258e-01 5.775412458204980393e-01
9.926337954007348197e-01 3.280947617488020329e-01 2.153500949675890841e-01
9.868843015323404133e-01 4.681904354023681547e-01 3.227699349626205749e-01
5.348002291671912767e-01 7.759309157118876588e-01 5.604914873553419330e-01
4.708053300066138980e-01 5.491894704422080054e-01 3.583577134764490690e-01
7.175038085482078332e-01 7.399128535856511757e-01 5.441180870321644658e-01
2.499046939309226278e-01 1.281177900791664048e-01 7.863496236904587988e-02
5.121372644837546978e-02 9.979632907166663403e-01 7.139635713533832861e-01
1.930306425059029607e-01 9.109395506489191829e-01 6.497406686210694948e-01
3.036482434756325177e-01 9.999999999999998890e-01 7.507177824876201111e-01
2.886497098367247216e-01 9.137762602724398553e-01 6.641120749815507818e-01
6.189705776669779391e-01 4.505749007177854704e-02 4.601229579063609298e-02
2.865475547878874873e-02 8.698679109936864329e-01 5.925739358924126954e-01
3.977472349212358704e-01 6.082537213115420949e-01 4.013120784120509654e-01
3.377009604380530328e-01 6.537128092381365718e-01 4.345416832470414548e-01
