8.410484465622831696e-01 3.130315393410182945e-01 2.020076760070471378e-01
4.499357423672004086e-01 1.956768785791329623e-02 8.523219832134718010e-02
2.721646480070751273e-01 7.450275467680962382e-01 3.943897890095094949e-01
5.429491203892069517e-01 1.000000000000000000e+00 5.505382728423735550e-01
0.000000000000000000e+00 1.849415615787464162e-02 8.103896753357262006e-02
4.609527166666210762e-02 7.322531066314279524e-01 3.787001893586691703e-01
1.000000000000000000e+00 9.899596920198618921e-01 5.694060651998160694e-01
2.319952142762433112e-01 1.466720649900417617e-01 1.260192529357406777e-01
3.596160869535683369e-01 7.562172136736833306e-01 4.038762014305466996e-01
6.738171519881337446e-01 0.000000000000000000e+00 8.085035784151485549e-02
