3.324889467719405189e-02 9.045595743598663571e-03
7.371717982072309994e-01 5.691018898197957449e-02
1.000000000000000000e+00 1.095637569457175338e-02
5.044032257071593417e-01 2.572269912476185527e-02
3.980659326013704091e-01 3.151041203871725316e-02
1.942490504737531820e-02 2.576799966684843735e-02
9.096340443342580961e-01 7.159155502083439093e-02
2.211315942521641098e-01 1.055769587362527170e-02
2.688643238600749164e-01 6.906020134672567756e-02
6.979258290438966617e-02 2.227449296541977874e-02
1.535970541292812075e-01 6.066838018571338309e-02
4.604853486901381854e-01 7.587876890137797148e-02
3.131717934615435017e-01 6.375872194679214899e-02
0.000000000000000000e+00 5.091460395453339255e-02
8.230568073021886644e-01 3.244271289681199127e-02
2.908849669439889651e-01 7.672616657078311364e-02
7.454532909112880912e-01 6.697164060631369265e-02
8.436230725540239117e-01 5.496448337626303783e-03
5.165309950696548302e-01 1.008569024939529567e-02
8.923693302328081778e-01 4.967376155589946218e-02
