4.821592620530399179e-03 5.951433400695435930e-03
2.958233076365162084e-01 3.899257482838514727e-02
9.501579200122947100e-01 1.201852693269875143e-02
7.251305443992008826e-01 7.614971032299751308e-02
1.299324284653794737e-01 3.171962187738838323e-04
8.201134682041627544e-01 1.865500715378612395e-02
5.879646215692672095e-01 7.237594090221233234e-02
8.320455998486849802e-01 3.937471228050365424e-02
8.751017922053790921e-01 8.167883969016320744e-02
6.690535423620636024e-01 1.160130243484659539e-05
4.486434930039810420e-01 6.607089394155990503e-02
1.552523555520967380e-01 2.848909441518251984e-02
4.307579814320351974e-01 4.059273295087277578e-02
3.774885895312415363e-01 2.712112050610580860e-02
8.027904584828786660e-01 2.498587625587189070e-04
9.999999999999998890e-01 8.286956430876778190e-02
5.089144525158274535e-01 3.292934474143512785e-02
6.379788534104484654e-01 4.298750240171120285e-02
1.628365667003036088e-01 4.047210654353252529e-02
5.893770042210153548e-01 7.354639760053170716e-02
5.140957946515829491e-01 2.432189028450715620e-02
6.598398874719105800e-01 7.985695913770771842e-03
3.112579211305566695e-01 6.130096524460038054e-02
2.457613619486914702e-01 2.210670974590840318e-02
8.334529915573348768e-01 4.186781832492417199e-02
0.000000000000000000e+00 1.612059079057251085e-03
6.056783681720530055e-01 7.825876692058507389e-02
4.222088191292613923e-02 5.841650842515984376e-02
1.325156425207603128e-01 4.456806315381337479e-04
7.522748391359093123e-01 7.259829655564112305e-02
5.919775492582523002e-01 7.540107562790746010e-02
8.203769751627777718e-02 6.244254023112562335e-02
3.461575342581434955e-01 6.996970716048722672e-02
3.660671555678099987e-01 4.560287515574318329e-02
9.546986916291877456e-01 1.916197759086978036e-02
