4.038688179999190830e-01 1.870714274106853245e-02
1.000000000000000000e+00 6.913829387941526627e-02
1.009337022687026020e-01 2.718521118437551565e-02
1.519551582878883866e-01 3.563734496254430256e-02
7.275367602601365835e-01 7.597723407409523455e-02
2.175427421193796007e-01 5.145259599807112949e-02
4.717722043657736064e-01 6.575157856602711903e-02
9.893301844286380708e-01 8.029609601166493027e-02
1.903670772783674081e-01 7.335684394376142115e-02
7.311033637822685893e-01 7.285742921513896353e-02
6.005746021952693692e-01 7.025312108119743937e-02
0.000000000000000000e+00 5.471582076065597405e-03
9.040838784324973787e-01 8.323604205773771358e-03
3.459569915347713298e-01 5.713067656890633700e-02
8.135673954789338636e-01 4.691105498758646464e-02
5.657054665602752053e-01 6.725750587394266344e-02
8.108906158521319574e-01 4.212531579563068979e-02
5.696951801082696942e-01 7.146440638106064946e-02
6.687891126350089532e-01 2.262996355957466732e-02
4.952273546990153541e-01 2.978015841296217242e-02
7.050798829934786793e-01 7.634139070764529855e-02
5.057082725376872423e-01 1.287810592512803921e-02
5.019457971803285012e-01 1.862112204260570406e-02
6.715556419345050099e-01 2.740528359733418462e-02
1.489018724490968615e-01 3.068186100845403386e-02
