8.410484465622831696e-01 2.020076760070471655e-02
4.499357423672004086e-01 8.523219832134719051e-03
2.721646480070751273e-01 3.943897890095095227e-02
5.429491203892069517e-01 5.505382728423735550e-02
0.000000000000000000e+00 8.103896753357263047e-03
4.609527166666210762e-02 3.787001893586691703e-02
1.000000000000000000e+00 5.694060651998161110e-02
2.319952142762433112e-01 1.260192529357406777e-02
3.596160869535683369e-01 4.038762014305467135e-02
6.738171519881337446e-01 8.085035784151485896e-03
