9.152703480418530324e-01 4.691170046130330173e-03
7.741055399316748575e-01 5.304477112513207582e-02
8.561400150636235828e-01 8.055986171124337458e-01
1.399693635691976190e-01 4.708369896263240317e-01
3.637156191164861996e-01 9.478583778175410368e-02
2.545800937358649874e-02 6.838987854304462433e-01
1.135021884822380311e-01 7.886280796399930404e-02
8.792820336927159586e-01 5.491869916081233427e-01
3.094433102247411416e-01 7.496127871243052354e-01
7.177189215651827991e-01 7.987986321016745661e-01
2.375771386725006595e-01 4.938475412439599296e-03
5.855868510212888234e-01 7.688843545657827461e-01
8.081810521373600231e-01 3.671249192772211289e-01
9.285130558079623952e-01 1.179757746401880053e-01
6.565911686851211293e-01 1.005275716929739660e-01
8.966246219655872318e-01 2.479634932477441378e-01
6.635113186705186017e-01 2.040404271487778753e-01
9.508023530137296175e-01 5.016279949145598938e-01
0.000000000000000000e+00 3.937073363075591637e-01
3.369533671276302433e-01 5.065968908836632201e-01
1.816291964110466062e-01 7.040263248864916390e-01
9.999999999999998890e-01 7.613002529721067946e-01
4.979885421698290182e-01 1.134735341368598993e-01
7.582001794943094009e-01 2.924313932411963801e-01
1.757790714981410235e-02 6.211453522723223708e-01
3.806972523384039020e-01 4.013878684643965022e-02
5.165814563515089830e-01 4.492140323926973461e-02
9.947703733767582213e-01 8.049632657006311476e-01
1.939544789295733485e-01 5.933826965477223547e-01
5.763640158665984670e-01 7.857400339709649240e-01
5.550150070073872621e-01 6.281283635015070255e-01
9.415383711432019354e-01 3.362818913342018878e-01
2.048957561428324803e-01 4.438548033623042621e-01
3.845252436767678805e-01 8.281359149687288201e-02
2.789198048521853712e-01 5.324529064681924329e-01
1.800367156910946398e-01 7.125929384093906416e-01
8.904134575546850394e-01 3.572266118584488948e-01
9.052165722077371024e-01 1.110453864837305654e-01
1.852084824273238506e-01 6.797067923486432850e-01
9.847632621792706820e-01 8.396910733169674623e-01
1.376358624032340550e-01 4.360533585403545964e-01
4.006478962502707519e-01 3.265553708799771582e-01
1.424775863386067154e-01 5.068594171124389813e-01
5.004808429215308330e-01 8.098564313018577487e-02
8.731638107834195361e-01 6.417841597522676578e-01
3.538576344599430046e-01 2.384553055578718661e-01
6.103566910547868485e-01 4.928217268656741590e-01
6.949560157188027221e-01 6.963433504938724150e-01
