4.220601926766741618e-01 6.899726816805279439e-02
6.512038085364179052e-01 2.748851292599349336e-02
8.868985402038505050e-01 1.196714305689002358e-04
9.999999999999998890e-01 1.997071273205287129e-02
6.114433312306440105e-02 6.871002167876641420e-02
7.714544625340356843e-02 5.230928584242192092e-02
2.549071822635805007e-01 9.621339730988696243e-03
0.000000000000000000e+00 1.225910076468395525e-02
1.282946866008367603e-01 1.210717708779728355e-02
4.876016847193514470e-01 1.500145922502843510e-02
4.986606118303025803e-01 1.463088359148129181e-03
1.505398092250204156e-01 4.757143350502173601e-02
9.049325103947409854e-01 2.226116346362838616e-02
8.994299510332298686e-01 1.294338024774837649e-02
2.540036319807976728e-01 8.438138956332092919e-03
9.059797036914649659e-01 2.415346097586267005e-02
9.220223620079228688e-01 5.406531311856530020e-02
7.219281184100692084e-01 5.606623018217737897e-02
4.562776918373631641e-01 6.521399227052923631e-02
1.777070765181794909e-01 7.315695964673367413e-02
4.362591355253720993e-01 7.685050778830541940e-02
2.922680119087331385e-01 6.622883919276816023e-02
9.999470919295078142e-01 2.006428372008612140e-02
9.766455005913200760e-02 2.011041431330283513e-02
5.820631261773858700e-01 6.993096512609410509e-02
7.596524046206842851e-01 2.441266846561717090e-04
9.995379021640867778e-01 2.079109636852565987e-02
6.433300136970548921e-01 1.414261084941598190e-02
7.278512600564529533e-01 4.595867600465661923e-02
4.641711792251095869e-01 5.440755353518626075e-02
9.442427804531506874e-01 8.177650453141532827e-02
8.511769422846015010e-01 5.624618717921796990e-02
1.462569016885392759e-01 4.078668677147494898e-02
5.104717362177105811e-01 7.818646819392156833e-03
4.789423225672445050e-01 2.944992367518926846e-02
4.505091641802608793e-01 7.114793903261860952e-02
1.267709226144729182e-02 3.182103434285080829e-02
9.448450633416670685e-01 8.210530829544405995e-02
4.047635617976577116e-01 4.490601727067594640e-02
4.777825692270972757e-01 3.147808339002998446e-02
