3.834289540442195054e-01 1.180365847145149333e-01
2.242652490936894449e-01 2.464947653344379541e-01
3.648117117215250449e-01 5.177607569239613128e-02
7.739453250417597241e-01 2.890174735045031862e-01
8.273509798702683993e-01 7.779014263562816778e-01
8.393660598513610904e-04 9.083209476911101310e-02
8.322908362028317297e-01 7.303651215826297838e-01
6.827653163858107277e-01 7.881690938300837113e-01
4.525777507567334546e-01 6.677222000905391752e-01
9.999999999999997780e-01 5.860001671789853706e-02
7.194765709037258539e-01 5.073433903741647599e-01
4.245404601234767927e-01 7.286783585132203811e-01
8.403868929631979068e-01 6.211758051968102601e-01
1.545922219689488952e-01 5.164316492436664685e-01
2.373094937672139138e-01 5.565042172158111283e-02
5.155255353401518859e-01 2.013849160478723976e-01
6.444895196817252980e-01 2.394789486905526676e-01
8.870426137559223045e-01 6.260683523002606721e-02
1.627889171969486293e-01 6.243283488901434364e-01
8.028772843532679948e-01 7.542218346607983959e-01
1.335828168399454952e-01 1.753212341316670864e-01
4.633830380665984738e-02 6.959389224202978674e-01
8.411578223134382748e-01 6.090698558489081593e-01
7.724755613267851595e-02 5.525464951680707504e-01
5.560593257566810443e-01 7.724171527170754503e-01
7.703612691405592461e-01 2.235629099698955013e-01
5.613051822134375035e-01 7.862667055238607983e-01
1.478307884091883129e-01 4.103633098888386788e-01
9.975462523491309685e-01 9.218483866775903368e-02
9.684974681744353830e-01 6.174030550626363745e-01
1.291090360809912518e-01 1.095236182417703569e-01
8.798900828055798984e-01 9.486549404864833977e-05
9.433033869513540726e-01 8.396868835745471271e-01
3.020404097323675097e-01 7.380126596293142827e-01
9.491799528183849644e-01 8.273270597412558658e-01
8.217988302563588032e-01 8.112914605409442537e-01
0.000000000000000000e+00 8.024939415634667339e-02
8.662646659913497693e-02 4.141026263892875203e-01
6.382958040704814762e-01 1.353330049897410181e-01
2.561709397716596115e-01 1.123539816929886859e-01
2.402422176514972807e-01 2.566295098411391223e-02
2.725969445266585023e-01 3.815716397849489017e-01
1.131209566107706233e-01 2.567188271689186535e-02
2.489700309010399459e-01 2.682495615391724750e-02
3.008842677952854872e-01 7.326570767574811516e-01
1.799564776516353604e-01 7.330959936375418540e-01
4.092822581864511977e-01 5.505087049338865945e-01
1.395896870973986348e-01 2.726090907440891775e-01
4.221786657543087906e-01 7.095140297786957095e-01
2.584864866440409470e-01 1.462615178445557940e-01
9.692305921164536819e-01 6.053143963363326607e-01
5.175394210542247908e-01 2.359142202763024609e-01
6.911343646791533457e-01 8.032482354529663082e-01
8.883671855731147815e-01 8.029097306094282183e-02
1.695148161839060141e-01 6.883427780977794397e-01
3.524100878916077151e-01 2.338394714114468698e-01
5.892394634767643691e-01 5.489236732867162072e-01
8.781630775178239645e-01 6.729761407417776502e-03
7.770998075622608248e-01 3.481533747091303810e-01
2.378715080651534475e-01 4.935733858413444974e-02
9.826451476766552284e-01 3.573308483111735656e-01
3.987347206795939791e-01 3.746118999853321196e-01
9.424940115483119996e-02 2.892211471073622420e-01
9.533046032374979939e-01 8.031139600629995101e-01
8.017198384252831600e-01 7.425113478136204925e-01
