3.834289540442195054e-01 1.180365847145149402e-02
2.242652490936894449e-01 2.464947653344379611e-02
3.648117117215250449e-01 5.177607569239613648e-03
7.739453250417597241e-01 2.890174735045032001e-02
8.273509798702683993e-01 7.779014263562816778e-02
8.393660598513610904e-04 9.083209476911100963e-03
8.322908362028317297e-01 7.303651215826298393e-02
6.827653163858107277e-01 7.881690938300837945e-02
4.525777507567334546e-01 6.677222000905391752e-02
9.999999999999997780e-01 5.860001671789853879e-03
7.194765709037258539e-01 5.073433903741647599e-02
4.245404601234767927e-01 7.286783585132204644e-02
8.403868929631979068e-01 6.211758051968102601e-02
1.545922219689488952e-01 5.164316492436665101e-02
2.373094937672139138e-01 5.565042172158111630e-03
5.155255353401518859e-01 2.013849160478724254e-02
6.444895196817252980e-01 2.394789486905526954e-02
8.870426137559223045e-01 6.260683523002606894e-03
1.627889171969486293e-01 6.243283488901434780e-02
8.028772843532679948e-01 7.542218346607984514e-02
1.335828168399454952e-01 1.753212341316670933e-02
4.633830380665984738e-02 6.959389224202978952e-02
8.411578223134382748e-01 6.090698558489082010e-02
7.724755613267851595e-02 5.525464951680707920e-02
5.560593257566810443e-01 7.724171527170754781e-02
7.703612691405592461e-01 2.235629099698955083e-02
5.613051822134375035e-01 7.862667055238609093e-02
1.478307884091883129e-01 4.103633098888387343e-02
9.975462523491309685e-01 9.218483866775904062e-03
9.684974681744353830e-01 6.174030550626363745e-02
1.291090360809912518e-01 1.095236182417703638e-02
8.798900828055798984e-01 9.486549404864833977e-06
9.433033869513540726e-01 8.396868835745471826e-02
3.020404097323675097e-01 7.380126596293143382e-02
9.491799528183849644e-01 8.273270597412558935e-02
8.217988302563588032e-01 8.112914605409443647e-02
0.000000000000000000e+00 8.024939415634667339e-03
8.662646659913497693e-02 4.141026263892875342e-02
6.382958040704814762e-01 1.353330049897410320e-02
2.561709397716596115e-01 1.123539816929886893e-02
2.402422176514972807e-01 2.566295098411391570e-03
2.725969445266585023e-01 3.815716397849489017e-02
1.131209566107706233e-01 2.567188271689186535e-03
2.489700309010399459e-01 2.682495615391725010e-03
3.008842677952854872e-01 7.326570767574812348e-02
1.799564776516353604e-01 7.330959936375418262e-02
4.092822581864511977e-01 5.505087049338866501e-02
1.395896870973986348e-01 2.726090907440891983e-02
4.221786657543087906e-01 7.095140297786957373e-02
2.584864866440409470e-01 1.462615178445558078e-02
9.692305921164536819e-01 6.053143963363327024e-02
5.175394210542247908e-01 2.359142202763024609e-02
6.911343646791533457e-01 8.032482354529663082e-02
8.883671855731147815e-01 8.029097306094282530e-03
1.695148161839060141e-01 6.883427780977795230e-02
3.524100878916077151e-01 2.338394714114468836e-02
5.892394634767643691e-01 5.489236732867162211e-02
8.781630775178239645e-01 6.729761407417776502e-04
7.770998075622608248e-01 3.481533747091303949e-02
2.378715080651534475e-01 4.935733858413445668e-03
9.826451476766552284e-01 3.573308483111736072e-02
3.987347206795939791e-01 3.746118999853321335e-02
9.424940115483119996e-02 2.892211471073622558e-02
9.533046032374979939e-01 8.031139600629995379e-02
8.017198384252831600e-01 7.425113478136205480e-02
