6.372220692275826215e-01 1.982724980351230348e-02
6.068784092436967370e-01 4.914904007329638502e-01
4.187251000802472145e-02 6.742253269705562602e-01
4.408704665787798738e-01 7.628468334345103186e-01
0.000000000000000000e+00 1.067960016062815681e-01
2.861438832964241508e-01 5.121808465282237099e-01
9.608804680016079791e-01 8.247024482957268088e-01
3.310500855881722271e-01 6.660357652483553936e-01
5.695621778911045263e-01 7.738552460738009620e-01
5.546459432608821238e-01 6.433694125974119826e-01
7.353135300384374684e-01 5.376487569371289910e-01
1.305534035400641724e-01 1.096312521757563524e-01
2.332158560846371576e-01 1.694425935644380821e-01
3.252029517295504935e-01 7.152852319194005215e-01
7.859423369624284339e-01 1.650548247887623499e-01
4.067659347648052148e-01 3.607039726215672260e-01
8.055737056926098871e-01 5.144937993150614508e-01
8.488206814018988133e-01 7.710600514585335130e-01
6.411514185766303831e-02 6.817321480409435086e-01
8.830612855411352768e-01 2.392973189047737925e-01
5.788722621944464297e-01 7.832366351828817796e-01
5.587444868846774826e-01 6.919053343798491351e-01
1.778402237882222708e-02 3.775670732777354766e-01
1.472382836080751711e-01 3.693430011349604913e-01
1.646591484159531660e-01 6.188543225393234870e-01
3.726118211445597073e-01 5.301173296176530519e-02
8.388565253769300067e-01 8.204761989848720072e-01
1.986465853612071064e-01 6.677757382143214571e-01
1.005942246794621492e-01 1.967073052998962457e-01
1.000000000000000222e+00 4.975750408332629826e-01
6.809292806496274331e-01 5.978202748132672717e-01
1.419967230985037243e-01 2.837117553583361484e-01
5.798456001938774307e-01 7.808103000780853842e-01
4.064972157399713293e-01 3.560976595604985473e-01
7.389533106963622755e-01 4.761362756205415603e-01
3.634309204966713058e-01 1.785477575283013485e-01
9.406555077095765105e-01 6.026216516524502964e-01
9.646056389864968716e-01 8.370360002989679638e-01
9.410772293046626435e-01 6.094172053496695884e-01
2.581483593641628049e-01 7.405120067701144448e-02
9.815683531543708540e-01 7.672824300334173397e-01
8.123482732536674300e-01 6.243274843113417738e-01
8.681329665132329065e-01 5.104484308687309291e-01
8.194364350680590769e-01 7.186669524334214909e-01
7.071332426603795795e-01 8.040666971013947784e-01
1.718033268850117645e-01 6.864174021907710754e-01
3.455267691998404889e-01 4.738016613427993295e-01
4.969345702753288907e-02 7.113245847983066250e-01
7.342930338505311572e-02 5.987310431610950445e-01
3.165673325092032697e-01 7.500894571998981686e-01
6.863265311292603421e-01 6.725471224055965536e-01
8.888356892577891077e-01 1.418644877108368452e-01
9.680722220108367582e-01 8.394902298823960773e-01
7.070748755493952986e-01 8.041020424474358830e-01
2.789532280662566643e-01 3.977939019154976275e-01
1.546562536860049963e-01 4.860149912309190690e-01
6.345386465475367777e-01 4.592598415844902082e-02
9.299808288554226587e-01 4.137663315328134472e-01
1.022841748770269288e-01 1.711932249356168945e-01
4.800257295776592659e-01 4.192091631388231154e-01
5.648008418616086157e-01 7.466786788630390692e-01
7.831252115359221833e-01 1.210014984081959205e-01
9.273042898358610509e-02 3.213588994322085779e-01
1.107035312209274230e-01 5.953633791689585258e-02
2.528136095171685804e-01 1.940110295709983682e-02
7.365812907355547834e-01 5.166163607656887313e-01
2.420558993864630748e-01 5.194355362952678828e-02
3.339061861519831420e-01 6.352257105202570031e-01
7.694163933183668647e-01 7.928979901210910647e-03
8.488425777214338996e-01 7.708778198130249448e-01
6.075756576985481550e-01 4.798487903621415640e-01
6.176270976359277132e-01 3.045824753859364686e-01
9.184795799435286900e-01 2.025226024628351551e-01
9.502072941948629392e-01 7.368496681366026868e-01
7.517149034187845524e-01 2.482477434569007047e-01
5.711394721635698613e-01 7.795788811569800414e-01
8.300979259195213622e-01 8.062027506056711479e-01
3.923002297276924621e-01 1.244294068567301098e-01
6.789692539920777481e-01 5.676887942874515591e-01
9.992486719516342486e-01 5.111039286277765381e-01
