4.821592620530399179e-03 5.951433400695435583e-02
2.958233076365162084e-01 3.899257482838514588e-01
9.501579200122947100e-01 1.201852693269875039e-01
7.251305443992008826e-01 7.614971032299751030e-01
1.299324284653794737e-01 3.171962187738838323e-03
8.201134682041627544e-01 1.865500715378612395e-01
5.879646215692672095e-01 7.237594090221233234e-01
8.320455998486849802e-01 3.937471228050365424e-01
8.751017922053790921e-01 8.167883969016319634e-01
6.690535423620636024e-01 1.160130243484659539e-04
4.486434930039810420e-01 6.607089394155990503e-01
1.552523555520967380e-01 2.848909441518251984e-01
4.307579814320351974e-01 4.059273295087277300e-01
3.774885895312415363e-01 2.712112050610580583e-01
8.027904584828786660e-01 2.498587625587188853e-03
9.999999999999998890e-01 8.286956430876777357e-01
5.089144525158274535e-01 3.292934474143512924e-01
6.379788534104484654e-01 4.298750240171119730e-01
1.628365667003036088e-01 4.047210654353252113e-01
5.893770042210153548e-01 7.354639760053169883e-01
5.140957946515829491e-01 2.432189028450715551e-01
6.598398874719105800e-01 7.985695913770771148e-02
3.112579211305566695e-01 6.130096524460038054e-01
2.457613619486914702e-01 2.210670974590840110e-01
8.334529915573348768e-01 4.186781832492417199e-01
0.000000000000000000e+00 1.612059079057251085e-02
6.056783681720530055e-01 7.825876692058506556e-01
4.222088191292613923e-02 5.841650842515984099e-01
1.325156425207603128e-01 4.456806315381337154e-03
7.522748391359093123e-01 7.259829655564111750e-01
5.919775492582523002e-01 7.540107562790745455e-01
8.203769751627777718e-02 6.244254023112562058e-01
3.461575342581434955e-01 6.996970716048722672e-01
3.660671555678099987e-01 4.560287515574318329e-01
9.546986916291877456e-01 1.916197759086977759e-01
