2.391594558981229302e-01 1.434192698705955005e-02
2.659443171492564817e-01 1.177364065774421167e-02
5.564797133044371291e-01 5.659558201706110098e-02
3.954162640728769995e-01 8.835919214167221522e-03
5.311199054881799997e-01 1.450895164783533135e-02
5.917301253768078029e-01 7.631095371159557494e-02
6.635587215630638358e-01 1.575134220580545058e-02
6.859172116318686951e-01 5.407835327611903997e-02
8.314106847041409232e-01 7.394398827494139126e-02
4.656951366313806795e-01 7.041924589874480611e-02
1.728485370484108274e-01 6.659439876701954419e-02
1.000000000000000000e+00 6.878648538274799440e-02
8.618562565334700887e-01 7.467236962744715212e-02
3.922856083297702676e-03 1.347440671239433577e-02
2.645368202923283341e-01 9.880123600293900729e-03
8.225872965426981320e-01 6.280903714697684548e-02
4.489774826425269039e-01 7.669678213851302551e-02
3.304172799326902110e-01 7.144954954128561464e-02
8.401620524413654367e-01 8.057408476996577584e-02
7.282265819456515965e-01 7.469631390701143847e-02
7.595661626277989686e-01 2.749058300224443974e-02
2.022412617763267861e-01 6.697862650277984498e-02
3.329089181217340099e-03 1.266290280697423415e-02
0.000000000000000000e+00 8.383272326229903107e-03
8.082264899439027817e-01 3.856483231898999442e-02
4.261959822221537686e-01 5.757029832101332595e-02
9.833166376664759234e-01 8.325819053568245254e-02
5.964105036869741250e-01 7.302930083453161580e-02
3.590785008148615898e-01 3.390593748217162612e-02
2.581362315073377212e-01 2.733357938796727483e-03
