1.845276028947882285e-01 5.225542256273313368e-01
9.498318081708472249e-01 8.322148296284552771e-01
7.457531290412324765e-01 1.103545674857738489e-02
5.031395983583510922e-01 2.040220396324173568e-01
7.309060128530255884e-01 2.056020270858054666e-01
1.000000000000000000e+00 1.084386116895634106e-01
0.000000000000000000e+00 5.221827511652025189e-01
9.408178941704786746e-01 8.325742352292492265e-01
1.366124536953323698e-01 6.035066614549861042e-01
3.205757522309671814e-01 4.626229058764931845e-01
5.981334685932508943e-01 2.256524324138284021e-01
1.095047868986755990e-01 1.942227100280329855e-01
