6.372220692275826215e-01 1.982724980351230262e-03
6.068784092436967370e-01 4.914904007329638780e-02
4.187251000802472145e-02 6.742253269705562879e-02
4.408704665787798738e-01 7.628468334345103741e-02
0.000000000000000000e+00 1.067960016062815751e-02
2.861438832964241508e-01 5.121808465282237655e-02
9.608804680016079791e-01 8.247024482957268643e-02
3.310500855881722271e-01 6.660357652483554769e-02
5.695621778911045263e-01 7.738552460738010175e-02
5.546459432608821238e-01 6.433694125974119549e-02
7.353135300384374684e-01 5.376487569371290326e-02
1.305534035400641724e-01 1.096312521757563524e-02
2.332158560846371576e-01 1.694425935644380821e-02
3.252029517295504935e-01 7.152852319194005770e-02
7.859423369624284339e-01 1.650548247887623568e-02
4.067659347648052148e-01 3.607039726215672398e-02
8.055737056926098871e-01 5.144937993150614647e-02
8.488206814018988133e-01 7.710600514585336240e-02
6.411514185766303831e-02 6.817321480409435641e-02
8.830612855411352768e-01 2.392973189047738203e-02
5.788722621944464297e-01 7.832366351828817796e-02
5.587444868846774826e-01 6.919053343798491074e-02
1.778402237882222708e-02 3.775670732777355182e-02
1.472382836080751711e-01 3.693430011349604913e-02
1.646591484159531660e-01 6.188543225393235148e-02
3.726118211445597073e-01 5.301173296176530519e-03
8.388565253769300067e-01 8.204761989848720349e-02
1.986465853612071064e-01 6.677757382143215126e-02
1.005942246794621492e-01 1.967073052998962596e-02
1.000000000000000222e+00 4.975750408332629826e-02
6.809292806496274331e-01 5.978202748132672995e-02
1.419967230985037243e-01 2.837117553583361554e-02
5.798456001938774307e-01 7.808103000780854119e-02
4.064972157399713293e-01 3.560976595604985889e-02
7.389533106963622755e-01 4.761362756205415880e-02
3.634309204966713058e-01 1.785477575283013485e-02
9.406555077095765105e-01 6.026216516524503242e-02
9.646056389864968716e-01 8.370360002989679638e-02
9.410772293046626435e-01 6.094172053496696440e-02
2.581483593641628049e-01 7.405120067701144448e-03
9.815683531543708540e-01 7.672824300334174508e-02
8.123482732536674300e-01 6.243274843113418016e-02
8.681329665132329065e-01 5.104484308687309846e-02
8.194364350680590769e-01 7.186669524334214632e-02
7.071332426603795795e-01 8.040666971013948894e-02
1.718033268850117645e-01 6.864174021907711032e-02
3.455267691998404889e-01 4.738016613427993573e-02
4.969345702753288907e-02 7.113245847983067083e-02
7.342930338505311572e-02 5.987310431610951000e-02
3.165673325092032697e-01 7.500894571998982518e-02
6.863265311292603421e-01 6.725471224055966368e-02
8.888356892577891077e-01 1.418644877108368556e-02
9.680722220108367582e-01 8.394902298823961329e-02
7.070748755493952986e-01 8.041020424474359940e-02
2.789532280662566643e-01 3.977939019154976691e-02
1.546562536860049963e-01 4.860149912309191106e-02
6.345386465475367777e-01 4.592598415844902603e-03
9.299808288554226587e-01 4.137663315328134889e-02
1.022841748770269288e-01 1.711932249356169083e-02
4.800257295776592659e-01 4.192091631388231154e-02
5.648008418616086157e-01 7.466786788630390415e-02
7.831252115359221833e-01 1.210014984081959205e-02
9.273042898358610509e-02 3.213588994322085640e-02
1.107035312209274230e-01 5.953633791689585258e-03
2.528136095171685804e-01 1.940110295709983725e-03
7.365812907355547834e-01 5.166163607656887313e-02
2.420558993864630748e-01 5.194355362952679522e-03
3.339061861519831420e-01 6.352257105202570309e-02
7.694163933183668647e-01 7.928979901210911081e-04
8.488425777214338996e-01 7.708778198130250559e-02
6.075756576985481550e-01 4.798487903621415779e-02
6.176270976359277132e-01 3.045824753859364964e-02
9.184795799435286900e-01 2.025226024628351551e-02
9.502072941948629392e-01 7.368496681366026868e-02
7.517149034187845524e-01 2.482477434569007116e-02
5.711394721635698613e-01 7.795788811569800969e-02
8.300979259195213622e-01 8.062027506056712589e-02
3.923002297276924621e-01 1.244294068567301098e-02
6.789692539920777481e-01 5.676887942874515869e-02
9.992486719516342486e-01 5.111039286277765936e-02
