5.031395983583510922e-01 1.428154277426921595e-02
7.309060128530255884e-01 1.439214189600638086e-02
1.000000000000000000e+00 7.590702818269439572e-03
0.000000000000000000e+00 3.655279258156417937e-02
9.408178941704786746e-01 5.828019646604744308e-02
1.366124536953323698e-01 4.224546630184902729e-02
3.205757522309671814e-01 3.238360341135452375e-02
5.981334685932508943e-01 1.579567026896798801e-02
1.095047868986755990e-01 1.359558970196231113e-02
3.553393565059516090e-01 2.294540661609190580e-04
1.743366713909993149e-01 4.530155100028787629e-02
4.443527263356353285e-01 4.113176230030393676e-02
6.909489460329427679e-01 5.466274595750642007e-02
8.487705304753275781e-01 3.170825013740401210e-02
5.510270162923646131e-01 5.506390356452927487e-02
