1.845276028947882285e-01 5.225542256273313368e-02
9.498318081708472249e-01 8.322148296284553881e-02
7.457531290412324765e-01 1.103545674857738532e-03
5.031395983583510922e-01 2.040220396324173707e-02
7.309060128530255884e-01 2.056020270858054805e-02
1.000000000000000000e+00 1.084386116895634175e-02
0.000000000000000000e+00 5.221827511652025328e-02
9.408178941704786746e-01 8.325742352292492265e-02
1.366124536953323698e-01 6.035066614549861042e-02
3.205757522309671814e-01 4.626229058764932262e-02
5.981334685932508943e-01 2.256524324138284299e-02
1.095047868986755990e-01 1.942227100280330063e-02
