3.324889467719405189e-02 9.045595743598663918e-02
7.371717982072309994e-01 5.691018898197957032e-01
1.000000000000000000e+00 1.095637569457175303e-01
5.044032257071593417e-01 2.572269912476185527e-01
3.980659326013704091e-01 3.151041203871725038e-01
1.942490504737531820e-02 2.576799966684843457e-01
9.096340443342580961e-01 7.159155502083438538e-01
2.211315942521641098e-01 1.055769587362527101e-01
2.688643238600749164e-01 6.906020134672568034e-01
6.979258290438966617e-02 2.227449296541977874e-01
1.535970541292812075e-01 6.066838018571337754e-01
4.604853486901381854e-01 7.587876890137796870e-01
3.131717934615435017e-01 6.375872194679214067e-01
0.000000000000000000e+00 5.091460395453338839e-01
8.230568073021886644e-01 3.244271289681199266e-01
2.908849669439889651e-01 7.672616657078310531e-01
7.454532909112880912e-01 6.697164060631368709e-01
8.436230725540239117e-01 5.496448337626303610e-02
5.165309950696548302e-01 1.008569024939529463e-01
8.923693302328081778e-01 4.967376155589945941e-01
