4.112905638960325794e-01 5.575658789479841504e-01
6.312184214388304460e-01 2.123090253068686886e-02
2.105920894668586452e-01 3.860864956641674728e-01
2.068012230544094832e-01 4.462446712974855179e-01
7.189671248753465305e-01 6.969604679454546314e-01
8.432019955339606909e-01 7.826777859230387158e-01
7.555447866663920209e-01 1.076159242308119823e-01
1.300308967487099343e-01 2.496177798066729348e-01
2.495287187353550096e-01 7.749948249845887982e-02
1.174103321208003758e-01 6.950648033497822120e-02
9.723517889224833066e-01 8.157078150929912841e-01
8.838727058177034968e-01 1.603644501425790236e-01
3.099288163050907818e-01 7.468146636164217922e-01
5.200612645255806576e-01 1.885477642952197719e-01
8.133288044215670753e-01 6.979636988936369635e-01
5.159806342582579086e-01 1.258811944266302052e-01
5.186615794604165774e-01 1.663650891217512140e-01
5.367924832322986672e-01 4.738663077661313117e-01
9.002816200192141904e-01 9.469610071581341382e-03
4.556759575738854040e-01 6.674826620485497797e-01
0.000000000000000000e+00 2.680582901757407877e-01
9.548340561195730603e-01 8.089219549549785393e-01
2.809322986239018785e-02 6.498189687300813810e-01
4.896468750345313592e-01 1.416268184530493079e-01
3.629333445855555396e-01 7.274816895692595708e-02
7.062212659424983441e-01 7.948563892092833649e-01
6.601224284939126719e-01 3.393661798950143305e-01
5.132323354336225663e-01 8.779576320862347849e-02
1.900034517702706149e-01 6.611379549353951779e-01
7.665524031019994577e-01 3.201182618718284571e-06
8.059254102999247049e-01 5.937641036106610093e-01
8.071137887085270968e-02 3.496796885580453762e-01
2.069398915816280105e-01 4.440877719374301535e-01
2.538541824205567399e-01 1.352262864012636900e-01
1.063629155963501383e-01 8.806155647537923861e-03
5.297084722595184481e-01 3.524562789888870395e-01
9.351212098947870865e-01 5.672149256256934224e-01
9.740042490461928715e-01 8.051910796875737519e-01
4.378716126131996789e-01 7.689892784446392682e-01
4.318879154371103868e-02 7.159493825586057403e-01
2.234761936416116701e-01 1.790228630326576031e-01
4.321110066762686164e-01 7.584918264062696647e-01
1.170261178633935362e-01 6.507765817628680116e-02
2.765895770092275385e-01 4.989634125667138376e-01
4.466511606274892743e-01 7.433180497448411694e-01
8.685442231654197931e-01 4.328805771317074114e-01
6.343663433143251762e-01 1.362183015650077472e-03
1.978284150409860831e-01 5.746643190285123381e-01
1.000000000000000000e+00 4.447390212326248204e-01
3.235101633440566893e-01 6.581680221768030359e-01
