8.648909994113784805e-01 2.040380098025806888e-02
4.871232556096500854e-01 9.074413349073768079e-03
1.895240994809759549e-01 6.815161994927364242e-02
6.316207110710054806e-01 5.061188993578815028e-03
2.017417479630349286e-01 5.438570133879835899e-02
9.999999999999998890e-01 9.378520732598046028e-03
5.370121835557225554e-01 5.939657425587342721e-02
3.592871593621964621e-01 8.481264233419029408e-03
2.755671768037339098e-02 5.795092622049233949e-02
8.597004278657500720e-01 2.983425107842856139e-02
6.185874006715335049e-01 5.035516136799544212e-03
8.768804795233117177e-01 3.010996925640946429e-03
1.290263764203189722e-01 1.787582711837077884e-02
9.937845135254098627e-01 1.948187349806823968e-02
7.639887203512922831e-01 1.084951344688055153e-02
9.847337524462872471e-01 3.640349364604427568e-02
9.624303981113732087e-01 7.361569503338574738e-02
6.563109643327375009e-01 4.611632953684352554e-02
2.797707004728242630e-01 5.531963684638990797e-02
4.920054305081075219e-01 3.285957101059401673e-03
0.000000000000000000e+00 1.610249856703056467e-02
7.674999855628908407e-02 4.861364692476261712e-02
5.686476531373545473e-01 7.672618965524238832e-02
1.277717802009163406e-01 1.596234167929662731e-02
7.047747651685657422e-01 7.205417366461866480e-02
5.843600623037835673e-01 6.090197817491593141e-02
5.980885090283994954e-01 3.817560152394814527e-02
2.563874342763250436e-01 1.710308352912503008e-02
1.559131037739408532e-01 5.966791991604435824e-02
7.154450216647957328e-01 5.775412458204980809e-02
9.926337954007348197e-01 2.153500949675890910e-02
9.868843015323404133e-01 3.227699349626205610e-02
5.348002291671912767e-01 5.604914873553419608e-02
4.708053300066138980e-01 3.583577134764490829e-02
7.175038085482078332e-01 5.441180870321644936e-02
2.499046939309226278e-01 7.863496236904589029e-03
5.121372644837546978e-02 7.139635713533833139e-02
1.930306425059029607e-01 6.497406686210695226e-02
3.036482434756325177e-01 7.507177824876201666e-02
2.886497098367247216e-01 6.641120749815508650e-02
6.189705776669779391e-01 4.601229579063609645e-03
2.865475547878874873e-02 5.925739358924127231e-02
3.977472349212358704e-01 4.013120784120510071e-02
3.377009604380530328e-01 4.345416832470414686e-02
