2.339793299887178712e-01 1.681004619612787854e-01
2.295433977017300176e-01 2.388491075978345923e-01
5.419233004848712509e-01 5.293187062915101215e-01
7.255954640202438855e-01 5.629513131040003726e-01
0.000000000000000000e+00 4.917119891947431543e-02
3.545543781170659714e-02 5.701580453677120852e-01
7.792932945404118517e-01 2.062337573894698073e-01
1.522829330144664373e-01 4.161037016633564178e-01
2.220324383300808779e-01 3.642388148631410250e-01
3.495305516894121889e-02 5.638483672511188649e-01
1.249293826546006569e-01 1.912395827323246089e-02
4.536903855068684099e-01 7.232498510532571201e-01
9.113889486973485443e-01 2.812537548565275380e-01
1.000000000000000000e+00 2.539158537567950957e-01
5.516250269495279746e-01 6.682082976163431498e-01
9.784934344037703458e-01 6.454660401300917894e-01
3.816961079795357370e-01 2.251004660358318227e-02
9.987576966694479141e-01 2.771339275019433224e-01
4.143432513526400518e-01 5.277142975142938841e-01
2.446569673017994773e-01 3.064384456933346226e-02
6.170626657054388842e-01 2.074383962045540930e-01
4.530590700575259228e-02 6.697004484899102827e-01
6.208436328634829859e-01 1.455674141338052785e-01
3.877708045090242917e-01 9.077181167492795466e-02
6.721935203733635511e-01 5.742225847378130688e-01
3.034452606236248684e-01 7.150917872096044237e-01
3.054929004295783845e-03 8.443410089398020735e-02
5.536480587540971721e-01 6.915635841506030390e-01
1.763853920435445588e-01 7.056984964607093680e-01
7.324056553751362442e-01 4.459183817626949375e-01
7.414209305023299057e-02 6.286674273686938541e-01
8.407689681989261032e-01 7.515442850559563848e-01
6.528342904288347848e-01 2.324992810047797065e-01
7.911583737261871363e-01 4.240817107983359535e-01
5.644337957762609603e-01 7.743898012117902407e-01
1.190212099968721848e-01 9.601809986522264265e-03
