1.675372276006213135e-01 3.873676779138567061e-02
2.016172712753402929e-02 2.191808782821503404e-02
2.364122146197362717e-01 4.771717667085295655e-02
5.714917211006534936e-01 3.047001542001702770e-02
9.723725789124484375e-01 1.605306930200591647e-02
4.436848242615529792e-01 4.448312271592069767e-02
8.495619911018941206e-01 3.943342789533442472e-02
4.930194707303633961e-01 7.082862879583116944e-02
8.666228507079230814e-02 6.224904292545681284e-02
7.092039205396404311e-01 3.260447962638458874e-02
4.424126438627719593e-01 4.245671327661569572e-02
6.420702111890227992e-02 7.115652597956283187e-02
6.038900752883297196e-01 7.447569482858437673e-02
3.668776427529573669e-01 5.778429266752931753e-02
1.000000000000000000e+00 6.293863614577489829e-02
6.668814908038116496e-01 1.851450515136587871e-02
1.860161689370351812e-01 6.332574892132294964e-02
9.685531903487474281e-01 1.039594006341907489e-02
9.410745852999992112e-01 1.859340335004271844e-02
1.902067271564477080e-01 6.716732068429726032e-02
7.287584009280362318e-01 6.369274787642230373e-02
8.515427425896527902e-01 4.287732350363444855e-02
0.000000000000000000e+00 8.923726661641590192e-05
7.227272569195760665e-01 5.504138566105921948e-02
4.829318967155985520e-01 7.636440374922574825e-02
3.708124219298759017e-01 5.244303682485557117e-02
2.109962765897382964e-01 7.232923831980112017e-02
3.393257157496949450e-01 7.493906015183122993e-02
