9.780422905776827713e-01 3.890162965442076071e-02
2.205951398431032218e-01 1.584772618272401248e-02
8.844943407117595857e-01 1.328940124115661307e-02
8.680193095355351884e-01 2.218207020526088893e-03
9.561383274174238833e-01 7.366909873279343934e-02
4.484131415285377287e-01 2.935040131321574319e-02
1.490784040208492367e-01 7.009399585125239418e-02
8.113649546744221563e-01 8.096536406741504377e-02
9.681660458311639461e-01 5.648108023044160625e-02
3.267498033143018121e-01 1.078915535429073036e-02
8.950254628051371175e-02 1.877061417764821702e-02
8.320438282874068059e-02 9.953830996330390035e-03
6.792095022378220603e-01 7.870693706818680802e-02
1.274300288696290362e-01 6.956325972879930097e-02
1.764878802327254637e-01 3.646763237848258538e-02
6.698027899528140594e-01 8.027209437163165817e-02
2.844433237469546905e-01 7.037330888823277453e-02
8.990719079091609167e-01 3.867733305118335047e-02
5.133055170512027532e-01 5.915892256321537979e-02
1.831117738655811400e-01 2.580907937613551376e-02
2.570904694037210447e-01 6.835842429050317803e-02
7.941722358831099227e-02 5.489922462955196258e-03
9.938352544358352025e-01 1.146185661925952677e-02
1.900785292854972885e-02 6.613912241129461800e-02
1.254832839699135394e-01 6.816263608336768642e-02
4.046748453960563596e-01 7.688512086712767646e-02
1.100571372367344092e-01 5.070439894739952463e-02
1.063927366032006161e-01 4.530454905530814647e-02
7.765828373543269825e-01 5.657627040144561081e-02
1.235592354093273393e-02 7.013536153613168789e-02
2.033965943223363382e-01 6.090261137305270911e-04
2.615261416696742502e-01 7.174274022213197877e-02
9.358456194549886753e-01 8.369037937908692382e-02
2.001510405171244289e-01 2.964648886976535905e-03
2.745842129087242567e-01 7.492351552566132999e-02
4.568595896497880116e-01 1.570876726617017813e-02
5.505144098495426963e-01 7.414428298702639697e-02
7.969371667080810129e-01 7.980606178948021490e-02
8.627138524900895833e-01 8.146752700817291512e-03
9.999999999999998890e-01 3.576572312409125997e-03
6.914846722723205774e-02 1.120529790562899315e-03
0.000000000000000000e+00 7.074976851931945310e-02
7.994921825149390315e-01 8.103650684816093852e-02
5.972764756557734644e-01 6.281156740206216178e-03
8.574694015097653055e-03 7.128403867155161389e-02
