3.319642371975121131e-01 6.084479698283715848e-02
5.465066373252740473e-01 5.490052938792692322e-02
9.642160272532382947e-01 8.233322645646193316e-02
2.755164329909007837e-01 4.212666318736885129e-02
9.141753020415230857e-01 8.718924630293074102e-03
2.705368913872223668e-01 3.395702414564844701e-02
6.845080975462233819e-02 5.700429488004589429e-02
8.633459318410263705e-01 6.271773917492806660e-02
1.657155859866626391e-01 6.873886527212630382e-02
8.348827727028687584e-02 3.536609089995095684e-02
6.351343485812095402e-01 3.512284982164311318e-03
9.027648959675840246e-01 8.482852127562031178e-04
7.429909612990919232e-01 4.208253570113722197e-02
2.577577659278511013e-01 1.369609051368425937e-02
3.887647841128194504e-01 1.234624991117569230e-02
8.052892019424705561e-01 4.803931925175728562e-02
6.225143550384718560e-01 2.101852586825116165e-02
5.902096126082189559e-02 6.644473587924654145e-02
9.177242681272836933e-01 1.392884137358336820e-02
4.477020219421370961e-01 7.597118682203189699e-02
1.236188614963020238e-01 1.069786054170241384e-02
6.971981667253428494e-01 7.739978609100900409e-02
1.000000000000000000e+00 5.690139087097187409e-02
3.372262778408594563e-01 5.377211215308927428e-02
9.390114963551193794e-01 5.182478265523643435e-02
7.551827142720173303e-01 2.064847781923170866e-02
1.503985373281477855e-01 5.175209451941777117e-02
5.326893670552590443e-01 3.177643620706537692e-02
1.847554826259541483e-01 7.196351416349013042e-02
2.365361658841748371e-02 5.750841271259347215e-02
8.686641285762635167e-01 5.432973593437794707e-02
2.644598037107685484e-01 2.397494115248348379e-02
3.982125425650852035e-01 2.717430888082989632e-02
7.322057028189632444e-01 5.986588041303025909e-02
4.427479217744097473e-01 7.689426928733421318e-02
2.620574863247413511e-01 2.015686135138528359e-02
2.291531415456969367e-01 1.489743971623222474e-02
4.584348752971895147e-01 6.872013461482104346e-02
5.426284284315822104e-01 4.874123909143458083e-02
4.607770072521957250e-01 6.626479466150640707e-02
7.090787511031814150e-01 8.023995216000799624e-02
1.934936749257986366e-01 6.612656374918006452e-02
9.640188402138244461e-01 8.223753248341637845e-02
4.941353081037830886e-01 1.463928199271323505e-02
5.036915308570042438e-01 2.752246113301055896e-03
1.274673559935237677e-01 1.605823028311847631e-02
4.737747358027274980e-01 4.828206909570600253e-02
5.752239756670846083e-01 7.865057120809849922e-02
7.408239915504358786e-01 4.587077884483903301e-02
6.406323736141800174e-01 3.123730336770523026e-05
5.159800788509613101e-01 6.097597798341703249e-03
5.738834798047359742e-01 7.865335625813243969e-02
1.201944277895076185e-01 6.486952773357774343e-03
7.407163758940956688e-01 4.605700267222068156e-02
9.483057691909343445e-01 6.673464280830905537e-02
4.797540517296886020e-01 3.837991340410712438e-02
9.387447992046061840e-01 5.135678817033223487e-02
9.018400057266380276e-01 1.505836663022274867e-03
8.932842272467039768e-01 1.157574079822228097e-02
5.796010071830514088e-01 7.780949829453878697e-02
8.960952837803434212e-01 7.654702340235314956e-03
7.729931995147971691e-01 8.018868759430424647e-05
4.991990018783054039e-01 7.644166912642365308e-03
9.619587911815200565e-01 8.107937671679402158e-02
3.493743168311837233e-02 6.802771191097732595e-02
6.189625970152864420e-01 2.701490729809523719e-02
5.296244110181077547e-01 2.651107106860034132e-02
3.150366972577450242e-01 7.438623913619547834e-02
2.612057147913855459e-01 1.883373343409466827e-02
8.588944350786340554e-01 6.884475035074046068e-02
3.322441894470375967e-01 6.049638459033605115e-02
8.616617025717649980e-01 6.514343511614396898e-02
0.000000000000000000e+00 2.265249802473993587e-02
8.631102127123443379e-01 6.306461639849485212e-02
4.101996753177712951e-01 4.722431659854176011e-02
