8.410484465622831696e-01 2.020076760070471378e-01
4.499357423672004086e-01 8.523219832134718010e-02
2.721646480070751273e-01 3.943897890095094949e-01
5.429491203892069517e-01 5.505382728423735550e-01
0.000000000000000000e+00 8.103896753357262006e-02
4.609527166666210762e-02 3.787001893586691703e-01
1.000000000000000000e+00 5.694060651998160694e-01
2.319952142762433112e-01 1.260192529357406777e-01
3.596160869535683369e-01 4.038762014305466996e-01
6.738171519881337446e-01 8.085035784151485549e-02
