3.465902599187171695e-01 3.155690847824126760e-02
4.228451967588333082e-01 7.028645976910932736e-02
7.782641197098136843e-01 1.394367467518475845e-02
3.660446929688397355e-01 3.406382145200554604e-03
1.000000000000000000e+00 4.083977502005638194e-02
3.081045930640967101e-01 7.497516538143791931e-02
8.992614835020930064e-01 1.448010790805745549e-03
9.886472859454832340e-01 6.087947612660571384e-02
7.532299112962650423e-01 1.214735148389204863e-02
6.203215828525328046e-01 1.430542810462827677e-02
8.717231383706473824e-02 2.508368232170823942e-02
0.000000000000000000e+00 2.608286274779058125e-02
7.416637518024189468e-01 3.155134977688160008e-02
1.848191945961264182e-01 7.012920646231034227e-02
3.554193645207252561e-01 1.717805801635022972e-02
9.626511854212586039e-01 8.396515265312973209e-02
4.510554383705568382e-01 7.067632235591174428e-02
4.765900787516808568e-01 3.449264762733668388e-02
1.579488488476758490e-01 6.489572811361057902e-02
4.798038193770420845e-01 2.897941960177127449e-02
2.035509645265506928e-01 4.950622621606401430e-02
4.396620668021145595e-01 7.669546749881797632e-02
8.044777907206944745e-01 5.943633220300342107e-02
2.617016063296140893e-01 2.597136313533056351e-02
