6.173380067786564396e-02 6.636243491156757629e-03
5.875574772073796082e-01 1.805303828186635706e-02
6.824348647630991138e-01 7.584137695011339275e-02
5.683470023319578956e-01 5.044329077128187344e-02
8.121017281761835349e-01 7.995250090170215318e-02
7.598788056090585163e-01 2.983441220803633234e-02
8.988996737624757039e-01 4.088656207676030774e-02
6.134618545101884202e-01 8.584381027034007280e-03
3.567713569657610106e-01 2.280567814805192772e-02
1.463140420051099455e-01 7.090876947352485471e-02
9.206232042798893067e-01 7.457032061907412079e-02
0.000000000000000000e+00 7.112480691349770678e-02
9.908641451985332749e-01 1.388191892033494891e-02
9.532104242443888154e-02 2.998293105798685576e-02
9.999999999999998890e-01 2.245090415196523796e-03
3.959655659425485585e-01 7.486327800275285882e-02
2.857572317330169254e-01 6.816239649013156043e-02
1.065561460843462982e-02 7.027365404900727530e-02
4.563649111510159617e-01 1.440441459239718940e-02
2.713077045608223714e-01 7.511759040165535972e-02
4.937185432039434829e-01 2.941242941092554047e-02
1.073306075400188991e-01 4.873024990501480941e-02
1.800672148305082487e-02 6.585672073855917963e-02
6.991709798661906172e-02 9.501701393631990051e-05
5.937876172078851988e-01 8.931647394761297459e-03
3.996950690265989592e-01 7.631504852580082987e-02
4.424050558910711528e-01 3.718964041882898836e-02
4.650050342026281758e-01 3.539110585560320110e-03
7.079206994625456550e-01 4.092096769743371054e-02
8.400453511799458317e-01 4.397783628473100892e-02
3.714209185285224368e-01 4.705031695596850749e-02
1.680016165209204937e-01 4.756632988278597374e-02
9.354434913225173620e-01 8.385016000707071204e-02
8.548011003340471037e-01 1.791507444604562363e-02
3.519709528510199525e-02 4.565060628511003610e-02
2.505776395034696458e-02 5.900074479615240869e-02
2.174239051305823511e-01 1.324506586641546052e-02
5.508698900256140396e-01 7.275928247012086736e-02
3.841619376727807289e-01 6.491414751837736030e-02
4.888625228207870155e-01 2.129278543013786093e-02
9.584509938415645136e-01 6.910010035633978864e-02
1.005362571167880831e-01 3.831655723633267674e-02
9.280635622159139064e-01 8.102065869062649583e-02
1.033080133241494752e-01 4.266165832811118219e-02
3.454710957922860204e-01 6.607272222881365245e-03
2.058478648245173348e-01 8.092238327225029053e-04
3.785877246675602992e-01 5.780648337460467939e-02
5.363530216586103183e-01 7.863743720784763247e-02
5.615901419667742589e-01 6.060547126913532617e-02
3.050542114064710431e-01 4.287962774277639943e-02
7.438661046651534603e-01 5.144663697304997438e-03
9.052531897076587786e-01 5.225130432951177739e-02
4.168081410419967603e-01 7.171814727958499003e-02
6.883314157798617883e-01 7.030810794940749175e-02
1.478871203061737916e-01 6.998766514131997407e-02
5.165613464688554313e-01 6.528629352197795610e-02
6.494633384928533149e-01 6.621148432228465830e-02
8.497658590206760287e-01 2.651837605723955660e-02
3.469222530158244111e-01 8.368384877955279202e-03
4.098951023363806012e-01 7.577980566451611444e-02
6.452432983273869160e-01 6.045304155940506297e-02
5.936439385520314582e-01 9.121319477203156459e-03
1.149706042819013535e-01 5.900812801918679101e-02
8.791356550206376186e-01 7.636009043045080547e-03
4.232223224230699521e-01 6.551899341386434317e-02
6.766109706169605165e-01 7.924260582666328712e-02
3.371806890585264949e-01 6.678931655803359790e-06
5.151673450127581821e-01 6.353595200078589189e-02
4.863073115018119452e-01 1.722504720062190131e-02
3.211047324907832512e-01 1.691821426838800713e-02
