3.567268447134749332e-01 1.750476792261245265e-02
7.224518391568698350e-01 6.376322270828722882e-02
1.290349865917656824e-01 1.938606435737390971e-02
7.476314065989106972e-01 2.107162607024803958e-02
9.895766869853155345e-01 5.778201076306253153e-02
8.900496664515008538e-01 4.303936580248022767e-03
1.401935044419733989e-01 3.735374516910035941e-02
4.105021335634516655e-01 5.343078205951626303e-02
0.000000000000000000e+00 2.154710630708223107e-02
7.092146715155859260e-01 7.744346143731567489e-02
1.289486407658691769e-01 1.925329604892908608e-02
5.708956763561617853e-01 7.856188222610216432e-02
1.527990400896116902e-02 4.547849539172382771e-02
9.060436840278197901e-02 2.371661103584964819e-02
3.483486441089407304e-01 3.121134105385231158e-02
8.671972899215214525e-01 4.188483258515770385e-02
3.688476504765361152e-01 2.209792235867100944e-03
7.466671554567656521e-01 2.272239129187526505e-02
5.436626433641820189e-01 5.828663094951898327e-02
3.225208942687891600e-01 6.808855506342838260e-02
3.067219358160712117e-01 7.510554172130695649e-02
4.553005490490309448e-01 6.767779761950064310e-02
9.037201016656304375e-01 6.770603633961404244e-03
3.785411488444197226e-02 6.951077268573782608e-02
2.933335910496106536e-01 6.866616993142407588e-02
7.711936245107351429e-01 4.546301769005032384e-03
1.000000000000000000e+00 3.896201247181090704e-02
5.215418946583705306e-01 2.114333303342714326e-02
6.800229300921831754e-01 6.733929460553411683e-02
8.497851919184226110e-01 6.973808182775584341e-02
1.351145409011325627e-01 2.907135554222519888e-02
3.054986437103192065e-01 7.498587257004345197e-02
