9.152703480418530324e-01 4.691170046130330607e-04
7.741055399316748575e-01 5.304477112513208102e-03
8.561400150636235828e-01 8.055986171124338013e-02
1.399693635691976190e-01 4.708369896263240456e-02
3.637156191164861996e-01 9.478583778175411756e-03
2.545800937358649874e-02 6.838987854304462433e-02
1.135021884822380311e-01 7.886280796399931098e-03
8.792820336927159586e-01 5.491869916081233705e-02
3.094433102247411416e-01 7.496127871243052354e-02
7.177189215651827991e-01 7.987986321016746216e-02
2.375771386725006595e-01 4.938475412439599730e-04
5.855868510212888234e-01 7.688843545657828016e-02
8.081810521373600231e-01 3.671249192772211428e-02
9.285130558079623952e-01 1.179757746401880088e-02
6.565911686851211293e-01 1.005275716929739799e-02
8.966246219655872318e-01 2.479634932477441447e-02
6.635113186705186017e-01 2.040404271487778962e-02
9.508023530137296175e-01 5.016279949145599493e-02
0.000000000000000000e+00 3.937073363075591775e-02
3.369533671276302433e-01 5.065968908836632201e-02
1.816291964110466062e-01 7.040263248864916945e-02
9.999999999999998890e-01 7.613002529721069056e-02
4.979885421698290182e-01 1.134735341368599097e-02
7.582001794943094009e-01 2.924313932411963871e-02
1.757790714981410235e-02 6.211453522723223847e-02
3.806972523384039020e-01 4.013878684643965022e-03
5.165814563515089830e-01 4.492140323926973287e-03
9.947703733767582213e-01 8.049632657006311476e-02
1.939544789295733485e-01 5.933826965477223547e-02
5.763640158665984670e-01 7.857400339709649795e-02
5.550150070073872621e-01 6.281283635015071087e-02
9.415383711432019354e-01 3.362818913342018740e-02
2.048957561428324803e-01 4.438548033623043038e-02
3.845252436767678805e-01 8.281359149687288895e-03
2.789198048521853712e-01 5.324529064681924467e-02
1.800367156910946398e-01 7.125929384093906971e-02
8.904134575546850394e-01 3.572266118584489086e-02
9.052165722077371024e-01 1.110453864837305724e-02
1.852084824273238506e-01 6.797067923486432850e-02
9.847632621792706820e-01 8.396910733169675456e-02
1.376358624032340550e-01 4.360533585403546242e-02
4.006478962502707519e-01 3.265553708799771859e-02
1.424775863386067154e-01 5.068594171124390230e-02
5.004808429215308330e-01 8.098564313018577140e-03
8.731638107834195361e-01 6.417841597522676300e-02
3.538576344599430046e-01 2.384553055578718730e-02
6.103566910547868485e-01 4.928217268656742006e-02
6.949560157188027221e-01 6.963433504938724983e-02
