9.375996984931923572e-01 5.348646342297191936e-01
4.184972671894558460e-01 6.271129659118374056e-01
8.931769137521424762e-01 8.382292319906488320e-02
9.809095990825189570e-02 9.786920543926948268e-02
6.049789955230132632e-01 4.703589478855586536e-01
1.421141394881453857e-01 4.298076584980070614e-01
3.151818684380365276e-01 7.340171385425388051e-01
1.715377263041353295e-01 7.284779218150467806e-01
1.721644535912074114e-01 7.299394977101726356e-01
8.579255353510824023e-01 6.701476590699577685e-01
5.630952008232192885e-01 7.597154307084947877e-01
7.497285776348533437e-01 2.591254355254737907e-01
8.756790806858767429e-01 3.776059704635639225e-01
1.968818370099055248e-01 6.002079070233032887e-01
4.858790711491929593e-02 7.079563354855589186e-01
4.787663557985356588e-01 3.598869831837823163e-01
2.288951507767641447e-01 1.186349553085684627e-01
2.632469109684844044e-01 2.590943730904943787e-01
7.593924362935902117e-01 1.039424628416338592e-01
0.000000000000000000e+00 2.640637483716891665e-01
8.551883314044498308e-01 7.049297976933549537e-01
9.769604489072272191e-01 8.153365814939343981e-01
4.103768755439941573e-01 5.128437261057530172e-01
3.104523211408253824e-01 7.490580923319503093e-01
1.976370904279421137e-01 5.911163087873713140e-01
4.300927053079729445e-01 7.376451402893915432e-01
3.778445299216336428e-01 2.373734884751825536e-02
5.039975306800329458e-01 7.150719770838321818e-03
1.660131651647601958e-01 7.053013264443981356e-01
9.042892982603589758e-01 8.048645127334771304e-03
9.139503915688447500e-02 1.918094952551818999e-01
4.571661807401764532e-01 6.757491324857235471e-01
8.294031262149581529e-01 8.046904082551777915e-01
8.569952202001267505e-01 6.823935038510250406e-01
2.549759954646620974e-01 1.316264399988498202e-01
1.644305358987143972e-01 6.953462516638211355e-01
5.196069228091593217e-01 1.419902149038510253e-01
9.420527701343718308e-01 6.088028329080436007e-01
8.301346458171308118e-01 8.080717005174261613e-01
9.571943600689548637e-01 7.937360872949318358e-01
2.520923499521194114e-02 6.191291346815543939e-01
3.897529379400826444e-01 1.737045301885684623e-01
3.802441835311255736e-02 7.070832666532748112e-01
2.228861658931962919e-01 2.071305531956260937e-01
6.446872306509250361e-01 4.989760854722016109e-02
9.999999999999998890e-01 5.285478736657271970e-01
4.164201098768214315e-01 6.002615380929021693e-01
9.736390679570671169e-01 8.308820238751793985e-01
7.914128102098431095e-01 2.740013855118900721e-01
9.433677079428437473e-01 6.293106482493101561e-01
8.262265373111592481e-01 7.858817057282360130e-01
1.808346195898557773e-01 7.251971411231998843e-01
6.175114449667267191e-01 2.541504856143209090e-01
4.522504887563442155e-01 7.206094993784341041e-01
2.885523451353484981e-01 6.387441811602471153e-01
1.021576950767387887e-01 5.039604281400807129e-02
9.046919467972746043e-01 1.071840430329083077e-02
1.031557795743195532e-01 4.031097448636226238e-02
1.860591101767156696e-01 7.001451577828515793e-01
7.552224655021892996e-01 1.668902064013712550e-01
