1.839886065093838396e-01 7.495055734609579190e-02
7.372186863469337714e-01 1.864168752522309819e-02
8.306556581371271619e-01 5.221700798125866738e-02
8.777089018796713216e-01 4.537431642150772416e-03
0.000000000000000000e+00 4.808787298151108447e-02
1.000000000000000000e+00 2.582171981106358774e-02
2.495104082427764547e-01 1.037828139126563930e-02
3.090800209181303604e-01 5.688457634561176063e-02
2.310248494256671170e-01 3.566113211094220498e-02
9.852816709599490075e-01 4.938255529696512075e-02
4.185373772937084347e-01 1.824894999550583877e-03
4.048262543394409718e-03 5.314986143333758073e-02
5.483184438605201994e-01 1.779617270809451604e-02
9.810258870519410479e-01 5.584468573788906737e-02
4.709983815617918568e-01 6.912080531136727268e-02
1.581783064451740828e-01 5.694333531598506914e-02
