7.097759071524790964e-02 6.631625288718845379e-02
1.262730969166771244e-01 3.162703502407770983e-03
1.494078236673829219e-01 3.758885917625049561e-02
8.840456807575135523e-01 2.276656776170892914e-03
3.712024974325572879e-01 1.624812633415386332e-03
8.241084179787698805e-01 8.045311559022833015e-02
1.269013387996614783e-01 3.773549397831374788e-03
2.940999947017131078e-01 6.530680014834593095e-02
9.510388649226533819e-02 3.393584189653807426e-02
0.000000000000000000e+00 3.314218022886431317e-03
2.933923492420454915e-01 6.451427962443877229e-02
1.436810344777065054e-02 2.272814606025759174e-02
4.066649327078935006e-01 4.669213500926554933e-02
3.700382326630711205e-01 2.615249712558978448e-03
8.258781563548501792e-01 7.943377608433735415e-02
1.693500113979298227e-01 6.558293316430972852e-02
9.125383818980452588e-01 5.064152446826844511e-02
3.092340634995877080e-01 7.499032803516646195e-02
4.660250694576384412e-01 5.126843116855615140e-02
1.123772662456039989e-01 7.418993160070572711e-03
8.162746305777900391e-01 8.216198479515898767e-02
4.697994711849173277e-01 4.495618404114998939e-02
1.357853349236970431e-01 1.521982772705022559e-02
5.021953144774251587e-01 4.871970429757581833e-04
3.922257135261674188e-01 2.153208618481810763e-02
1.000000000000000000e+00 5.967079640498345466e-03
8.251230873687885603e-02 5.347387818134391457e-02
7.960398598913789314e-01 6.601587857723781316e-02
9.333018804046683270e-01 7.973742469355384055e-02
1.753188834843131538e-01 7.039082751535229165e-02
8.992230127976822418e-01 2.524142988793101616e-02
6.432286639814436269e-01 1.900131556379873465e-02
5.771321965713231972e-01 7.277670669679005278e-02
8.602731119029978224e-01 2.743618707794991465e-02
6.432002378475102367e-01 1.895289837932738475e-02
5.530430655719238420e-01 7.415288403155288754e-02
5.173219886362393494e-01 1.960529525100813616e-02
5.455749770328964798e-01 6.652240188402730459e-02
3.121748436682667549e-01 7.510181040819530196e-02
1.598204061659195541e-01 5.397878913578274540e-02
5.950581073689705791e-01 4.817910875280926458e-02
4.038392162910546535e-02 6.149891287749247731e-02
8.887936598077897932e-01 7.856432639798243897e-03
4.064392560542690602e-01 4.631107913423292144e-02
4.890313575605344520e-01 1.204159908828775216e-02
8.908735915793164484e-01 1.088106886785814020e-02
5.251420123448324873e-01 3.342019485056590272e-02
7.783238255764139968e-01 3.520746020221404704e-02
9.717343258119999216e-01 5.660060003603245571e-02
8.796212692538717404e-01 2.155764432564246313e-04
7.753783584736392287e-01 2.965513530038389745e-02
6.510986895761995408e-01 3.313692355756428509e-02
7.932567098914594661e-01 6.184753940629508784e-02
6.673688321127803080e-01 6.146691529140188570e-02
7.508349613821718727e-01 1.673723926224480801e-03
