3.567268447134749332e-01 1.750476792261245196e-01
7.224518391568698350e-01 6.376322270828722605e-01
1.290349865917656824e-01 1.938606435737390832e-01
7.476314065989106972e-01 2.107162607024803680e-01
9.895766869853155345e-01 5.778201076306253015e-01
8.900496664515008538e-01 4.303936580248022420e-02
1.401935044419733989e-01 3.735374516910035525e-01
4.105021335634516655e-01 5.343078205951625748e-01
0.000000000000000000e+00 2.154710630708223107e-01
7.092146715155859260e-01 7.744346143731567489e-01
1.289486407658691769e-01 1.925329604892908331e-01
5.708956763561617853e-01 7.856188222610215321e-01
1.527990400896116902e-02 4.547849539172382216e-01
9.060436840278197901e-02 2.371661103584964680e-01
3.483486441089407304e-01 3.121134105385230950e-01
8.671972899215214525e-01 4.188483258515769969e-01
3.688476504765361152e-01 2.209792235867100857e-02
7.466671554567656521e-01 2.272239129187526296e-01
5.436626433641820189e-01 5.828663094951898049e-01
3.225208942687891600e-01 6.808855506342837982e-01
3.067219358160712117e-01 7.510554172130695649e-01
4.553005490490309448e-01 6.767779761950064588e-01
9.037201016656304375e-01 6.770603633961404244e-02
3.785411488444197226e-02 6.951077268573782053e-01
2.933335910496106536e-01 6.866616993142407033e-01
7.711936245107351429e-01 4.546301769005032384e-02
1.000000000000000000e+00 3.896201247181090288e-01
5.215418946583705306e-01 2.114333303342714188e-01
6.800229300921831754e-01 6.733929460553411683e-01
8.497851919184226110e-01 6.973808182775583786e-01
1.351145409011325627e-01 2.907135554222519680e-01
3.054986437103192065e-01 7.498587257004344364e-01
