2.137790296714835447e-01 5.839207905765856355e-01 8.890042143234508920e-01 3.177986145874651669e-01 2.731594203000405896e-01 8.589310786898357364e+00
7.681003314967302931e-01 7.393086172970555481e-01 3.695335046957931580e-01 3.913307186644416902e-01 1.422284614849453344e-01 6.536734199036040138e+00
8.818888806371818490e-01 8.925194922043658829e-01 7.803707318001729121e-01 9.987254370015214988e-01 5.986549996117324079e-02 5.242605304677997680e+00
7.229118250041006721e-01 8.656272876743111855e-01 5.028338215117742482e-01 7.334467366904462438e-01 7.229608626901812274e-02 5.437899066494161104e+00
3.603502941271611304e-01 9.858644467059001215e-01 1.701413128682700560e-01 4.468450085738027155e-01 1.423907381009115181e-02 4.525626815984341356e+00
8.520309753636317041e-01 3.008078344976854446e-01 4.508116678226079532e-01 5.884070754430101857e-01 5.387299310842107447e-01 1.276721089879105797e+01
1.375220501339458057e-01 3.468497342609691558e-02 6.098919022309211568e-01 3.357714274189316228e-01 9.482333488291322388e-01 1.916807062798414663e+01
5.378030133769247101e-01 2.579448684273177861e-01 6.582716781296068520e-01 6.048311774626018433e-01 5.992994156011630658e-01 1.371813043380980091e+01
7.430507689228607049e-01 2.275989272388435347e-01 6.422816152210499840e-01 4.915059142899522726e-01 6.355236117390529182e-01 1.428803711818708599e+01
5.196639374261682320e-01 8.271128487613957914e-01 7.209335022682771266e-01 2.612852934505625058e-01 1.020633834324229938e-01 5.903476345298185102e+00
8.066383025385872596e-01 9.589350017086943900e-01 4.350384139829410746e-01 4.294582690165977823e-01 2.352514400545013817e-02 4.670693452812441748e+00
2.600533507225373797e-01 7.213948126510433267e-01 9.834533665871119101e-01 3.616683899777743960e-01 1.572527527153039228e-01 6.764584815993377021e+00
4.059101617521135297e-01 7.482101818434859775e-01 3.307801894113236996e-01 3.694382745492248432e-01 1.346470994282839562e-01 6.414037704091106740e+00
3.430450985477628834e-02 5.247046648746169772e-01 5.836905533388195844e-01 5.190183197112521185e-01 3.441006498119915102e-01 9.655656635917086561e+00
4.130850946885946118e-01 2.951542251296227493e-01 9.257065611945983763e-01 3.092848702505914815e-01 5.341152546220216957e-01 1.269093410944533318e+01
2.866639910042024231e-01 8.701512029978949458e-01 1.998455055939308556e-01 5.195910080706234169e-01 6.208358937205221695e-02 5.276295524656222646e+00
9.809716376683497163e-01 2.573302462671299140e-01 4.946497252334254857e-01 7.584775297901966695e-01 5.938634968936655767e-01 1.363493480242931533e+01
8.320329692947963096e-01 9.917142715435545153e-01 3.485160492543155075e-01 4.063866533819009419e-01 1.765013164719531069e-02 4.579135344286958897e+00
2.801651324135580046e-01 6.837263592437145543e-02 1.939502210398625637e-01 5.347739686068528897e-01 8.867854154225324192e-01 1.822904257386407423e+01
1.541876104255469060e-01 9.860575801091728820e-01 7.992508568183126494e-01 4.861842117092454174e-01 3.993100265091026335e-02 4.921439235975561211e+00
4.549160748003174271e-01 1.209586974949392463e-01 3.425344078702559081e-01 3.842069280885933580e-01 7.842777271858502042e-01 1.662482775857558437e+01
8.373313347677107110e-01 2.676809140941474041e-01 6.488815042763191876e-01 4.565829001561514389e-01 5.746328667275986124e-01 1.333246422895027905e+01
6.849777255574573953e-01 1.708451959773933382e-01 5.198523487695365375e-02 6.799537514467495214e-01 7.045968458593648842e-01 1.537418612806411744e+01
1.372418921325785357e-02 6.792796162714813679e-01 5.497402375869147040e-01 2.403336703064802293e-01 1.441862310448389639e-01 6.511830257903961972e+00
7.935488345936416721e-01 2.939703536667216399e-01 2.652564178388407967e-01 2.719444161825812500e-02 5.477226184378054530e-01 1.290844526902262501e+01
1.013470292135278117e-01 7.676574828905380343e-02 5.453109529197247562e-01 2.886290578947541263e-01 8.321793043564765791e-01 1.733972652233872225e+01
7.982657673632034823e-02 5.979635075384541754e-01 6.697032564227054507e-01 2.651225941626851323e-01 2.351531696905244662e-01 7.988194000526718241e+00
5.986463788984497381e-01 8.787324119575464776e-01 5.863926587461648632e-01 5.359439852765497392e-01 5.981611256784186148e-02 5.240691708074178834e+00
9.524694829422473141e-01 8.606069593800110828e-01 8.975795595121697223e-01 4.275423090011596372e-01 8.304794412353805333e-02 5.606639533503406270e+00
9.055338184690850944e-01 9.447161747827634848e-01 4.594559795031887828e-01 8.733122894474849573e-01 4.083340349864877927e-02 4.943344638702376947e+00
6.110269300797326331e-01 8.839099420913294480e-01 8.563396116304551331e-01 1.032045567788504314e-01 7.161360751899664701e-02 5.425640594272660877e+00
5.839120881890145220e-01 8.802108348483322908e-01 9.019755334903743760e-02 7.889493299971128693e-01 7.640186780098251473e-02 5.501486827437465976e+00
4.871057711413379621e-01 9.863204107627654427e-01 5.435380547690951136e-01 5.009055018524932734e-01 2.694051169825639747e-02 4.723285318510486164e+00
1.845417613966719994e-01 2.925958187676306888e-01 7.667032841891114892e-01 8.998919349542902069e-01 5.256408349455717888e-01 1.254704186451422743e+01
8.739750349165911203e-01 2.204255829725937921e-01 7.711475757805847930e-01 6.606277850471791169e-01 6.452153930983174357e-01 1.444100163531523862e+01
7.311282033797588120e-01 8.198049307615190573e-01 5.238674818795011623e-01 4.501409396837061649e-01 9.586557292706321398e-02 5.807006080507978396e+00
1.844247078500890757e-02 1.682754338910628644e-01 4.377999476256573819e-01 8.796692718419993895e-01 7.004452646885617195e-01 1.524343428685988044e+01
9.899855380244759750e-01 9.885946561149422385e-01 3.756956309713738174e-01 7.951804657526118092e-01 1.295210225934861903e-02 4.504535324375306793e+00
9.279312465642621799e-01 7.205087184892871033e-01 7.301354295342858958e-01 1.383548250943018587e-01 1.619786782285631555e-01 6.847392864790233347e+00
9.986384401881855943e-01 9.734997597077652554e-01 9.179495690483003845e-01 7.719061754965323985e-01 2.875489313081985854e-02 4.753228604112426758e+00
7.506126325892867879e-01 2.717598267716726523e-01 1.894664336002643557e-01 8.745261313921286472e-01 5.757590442696151056e-01 1.334991966819216458e+01
4.315313734433196546e-01 5.042808743773736779e-01 3.791065100309808367e-01 2.164849332315856856e-01 3.137531941733179286e-01 9.230000074580285485e+00
3.772554750111614674e-02 2.197704929825416154e-01 8.761038476514834139e-01 9.055481751729779205e-01 6.598474047821557553e-01 1.458137360661615034e+01
1.458137151412198795e-01 5.828308196243801031e-01 7.168029482502464855e-01 1.579265558773421674e-01 2.637741617109069514e-01 8.427656789055609110e+00
6.199028618287489856e-01 4.870197236310983002e-01 6.344740079600847960e-01 2.882197113406590461e-01 3.478939982910402851e-01 9.767701620452703182e+00
2.099751060793476620e-01 4.194668122054874826e-01 4.582843884145368363e-01 1.297647577950478137e-01 3.884385547646951320e-01 1.039845097634044357e+01
5.029051863438200876e-01 1.110505306708671758e-01 2.307922787241656060e-01 3.362465008633641617e-02 7.997894159050561447e-01 1.686924881846831781e+01
3.098680722382119446e-01 1.112328509641912072e-01 8.734722408369666180e-01 4.634086705508018156e-01 8.049642441486014599e-01 1.694671401536008304e+01
9.498196415965576289e-01 1.893122374976982381e-01 7.018775810822050487e-02 7.667334616675987036e-01 6.787752687154382514e-01 1.496865149596210287e+01
5.020618273272232646e-01 1.272842046603792632e-01 1.871268644216600718e-01 7.001072185379051405e-01 7.833832030484267905e-01 1.660880953311515285e+01
8.581977598767021043e-01 8.628380987263032376e-01 2.449470114825026412e-01 8.793362807227929068e-01 7.081400118995817561e-02 5.414371645707381830e+00
6.490619195543751996e-01 8.982458534620149093e-01 2.475237588364297137e-01 6.242101084018436552e-02 6.592030313826119370e-02 5.336813591856600425e+00
3.110554130256792948e-01 6.629797526254004314e-01 1.856067199136154089e-01 7.428999956439739094e-01 2.010998678716127142e-01 7.460982548256062330e+00
1.894655685710758819e-01 3.828724253105310615e-01 3.370715850928328317e-02 8.845442372841976209e-01 4.387319686135809915e-01 1.118983738459015598e+01
6.959783992856316548e-01 7.643511115911507670e-01 2.344172941449000069e-01 2.692764892278258770e-01 1.344195801178750260e-01 6.412717387773580136e+00
9.331376580644725749e-01 4.452667588464499504e-01 1.614501780734989567e-01 6.461756965790854679e-01 3.775601970612593172e-01 1.023547879298921082e+01
2.178099259315828817e-01 6.646277359838685950e-01 3.002342253819269557e-01 9.507505667107256642e-01 2.072680123789871209e-01 7.547630789524643724e+00
9.093796177649509094e-01 3.361333088068165220e-01 1.341489526085290762e-01 2.080162083492833602e-01 4.894611959244039578e-01 1.199359351892669778e+01
1.221018945360517471e-01 8.755483634955774086e-01 6.198097638014278266e-01 1.763798974300758715e-01 4.701644760924933442e-02 5.034360393272717893e+00
6.093653362963220577e-01 2.741276036836406971e-01 5.775818323647204933e-01 9.393573219907658256e-01 5.698557122260788921e-01 1.325455534180940731e+01
5.249582341101195482e-01 1.500251889691292528e-01 8.878518481418363750e-01 9.030724821992688334e-01 7.483351268602512762e-01 1.606031882572344571e+01
5.659838350852877120e-01 9.123524842046760730e-01 3.712303111180641491e-01 4.290505320817956658e-01 5.223624506210472473e-02 5.120448489255647218e+00
5.229644754595141887e-01 9.460508913631481276e-01 2.489832048976038381e-01 3.002635958520016857e-03 2.678878513169974385e-02 4.721393480547574129e+00
8.748910588093881113e-01 5.427030357757639534e-01 6.829116755338842104e-01 2.917878924018779685e-01 2.890537294240812516e-01 8.844480726949603522e+00
6.157572703727247632e-01 1.449114011227798648e-01 2.545376523919485878e-01 6.751462101473890698e-01 7.464873745091956669e-01 1.603043064113202476e+01
7.625651817493559470e-01 6.001769885757687883e-02 8.956915645885330512e-01 3.209705491661107857e-01 8.941875649321432418e-01 1.835347141958516559e+01
7.735719713676147968e-01 5.108474820615169776e-01 7.077933490373478076e-01 8.953022106780252898e-01 3.232467545675726805e-01 9.380510971614725690e+00
7.449561169200198396e-01 7.819575117428161359e-01 4.801076933232059085e-01 4.549582101731299844e-01 1.149525390115045953e-01 6.107341132249284321e+00
1.818195821570106063e-01 9.416538894054379272e-01 2.741356521287703352e-01 6.187325850356586443e-01 2.317919627740228083e-02 4.664499169709309001e+00
3.979064013815277190e-01 6.875267288233567475e-01 3.690428643162319000e-01 9.626226104971316033e-01 1.835278374903011045e-01 7.185360507349296100e+00
6.796256619936400512e-01 6.618253325138943044e-01 4.179167379489488465e-01 6.372840895703895114e-01 2.018408042051073048e-01 7.472086022770703551e+00
8.260910689999252376e-01 9.822437590663904428e-02 8.142719784624485868e-01 8.936203391471675417e-01 8.228282392550562152e-01 1.723300357612663092e+01
1.762398502143953105e-01 3.427984401236919276e-01 1.005056164648029521e-01 6.986633153331425206e-01 5.087730118815385616e-01 1.228273768570295488e+01
4.674577810796945454e-01 4.419997097260300878e-01 9.938792993888360128e-01 8.445387981595402493e-01 3.819456590038724508e-01 1.030321894853820019e+01
6.767034903433846171e-01 5.222668325911360154e-02 1.615574479269571984e-01 2.356404640835911835e-01 8.944679189263987640e-01 1.835780237709871798e+01
4.620523427469832023e-01 2.252822422871190999e-01 3.098863483699315080e-01 4.141990984964980527e-01 6.293390267420577722e-01 1.418742652564376172e+01
6.638947446603526981e-01 8.684328384905402043e-01 9.982503365785037053e-01 8.753735877404196231e-01 6.701133024051258991e-02 5.354504559423997279e+00
6.787586165348009626e-01 4.184888296659402540e-01 1.213194170259741453e-02 2.704376550410376723e-01 4.130735368834491661e-01 1.079274203953747957e+01
1.339828521492275326e-01 9.019958559851248836e-02 9.785325329400257344e-02 1.750034875392998401e-01 8.314717263774774603e-01 1.734962584629582949e+01
5.178988470698406843e-01 7.427813495530610766e-01 5.576303733050974598e-02 4.729179230834841263e-01 1.479042342490718420e-01 6.625926278293163385e+00
8.628476411870822371e-01 8.730760281917406829e-01 3.740480429703510468e-02 2.385741924296755911e-01 7.383873190714240753e-02 5.461210434575964001e+00
6.341087446541406880e-01 3.014361372094306879e-01 2.709771345821513355e-01 2.910670472228549244e-01 5.293789347304622694e-01 1.261939887039124919e+01
6.384626073091304033e-01 4.584310355875779730e-01 7.703924211296117042e-01 9.363767138850640492e-01 3.583839335045164720e-01 9.932660942217379940e+00
4.976260199004269302e-01 1.000000000000000222e+00 7.319436659031556269e-01 7.356458980953632931e-01 1.797927419138228844e-02 4.584126399690946485e+00
1.019746696273517161e-01 2.676637398904381238e-01 6.635700240222651702e-01 4.378860836834874704e-02 5.825258283134281401e-01 1.341813375585789814e+01
1.765096875792845910e-01 7.952522237609060962e-01 3.108261118399479050e-01 4.349171290766751241e-01 9.720016168877854135e-02 5.825713144668632992e+00
1.434754766685094052e-01 6.676332327517137122e-01 2.712956774653112468e-01 4.697291291647882616e-01 2.153892468510684166e-01 7.671332811729163481e+00
5.540767543713739918e-02 7.923762564452367929e-01 9.804938065220837329e-01 6.692224294222786085e-01 7.983107017804763617e-02 5.529872924208906859e+00
3.341136583150567940e-01 8.341040773997997482e-01 3.777140793023001653e-01 5.328517776501371372e-01 8.786311578145983292e-02 5.682200171890189111e+00
2.405189946857905214e-02 1.583492064628485574e-01 3.653628973008177794e-01 3.395998740125119042e-01 7.120827183803420946e-01 1.543331937542588506e+01
9.936499927404551791e-01 9.545955094586118239e-01 2.072226710113242998e-01 2.313204418091814318e-01 3.610622923831391384e-02 4.869036217475993134e+00
8.276933705279978515e-01 2.808125073930241022e-01 5.387906587315028917e-01 1.681982531029113659e-01 5.666486730005884098e-01 1.320623678110917076e+01
3.928662917112038522e-01 6.204154752389355876e-01 7.052510687815708446e-01 9.992521148850670443e-01 2.344932211520356358e-01 7.981934502329040448e+00
5.711945568065932566e-01 8.820038965585301483e-02 9.784924367446269644e-02 7.868182254178108792e-01 8.336030414475735784e-01 1.739895863655746311e+01
2.625569445276546010e-01 7.107785402879572834e-01 7.076772497382010085e-01 2.269334083655021317e-01 1.729747624820951457e-01 7.012238347356624324e+00
6.825417641423969783e-01 8.851205058904406675e-01 5.438740759820360759e-01 9.225814823342144422e-01 7.002028933966802926e-02 5.402004692515957274e+00
4.420910004120026660e-02 3.006126339435963302e-01 3.556982961276470290e-01 4.047356991338961762e-01 5.440589557482244931e-01 1.281998224608860681e+01
1.038828608661637176e-01 7.372320624819515000e-01 2.076470076605950177e-01 9.388942108899929195e-01 1.247055998033628210e-01 6.253081959703852277e+00
2.136257093967978138e-01 2.871261266642732846e-01 7.331458148556915244e-01 1.617809817914555026e-01 5.562518714284412358e-01 1.303696750195776310e+01
2.069988504062481027e-01 7.616410959823320947e-01 5.482866147390430545e-01 3.187401205469324594e-01 1.414888143251497032e-01 6.514548103562632697e+00
4.698642108319284749e-01 2.832685177338801208e-01 3.500128057325891939e-01 5.835758457805440003e-01 5.634920756401485820e-01 1.315566212970410298e+01
7.376524971029048139e-01 9.325313895148137355e-01 5.436458109971852304e-01 8.404746541501442181e-01 3.812373692658244106e-02 4.900824090406358913e+00
8.332628597407087945e-01 3.683390857628840442e-01 1.923502330326449794e-01 6.001662852949962712e-01 4.564452323063562522e-01 1.147507515874957207e+01
4.361034022288041156e-01 2.733204894939589291e-01 6.670269448370095278e-01 9.823428345889890778e-01 5.749084621881246360e-01 1.333122475398913842e+01
1.903143659065020810e-02 7.254860565026949315e-01 9.665343149581384630e-01 4.270504239242676192e-01 1.838595684609716785e-01 7.174065347714434715e+00
2.023779168127119998e-01 5.420730924751402391e-01 3.748267304870240846e-01 1.524275555462448750e-01 3.081134746175400174e-01 9.133202422096408313e+00
4.399846075332994322e-01 7.679531179411929198e-01 1.876561179645060418e-01 7.507619510005465457e-01 1.394448683435867142e-01 6.492078048246002986e+00
3.259479681971244047e-01 9.960246242530729210e-01 5.026680173286305342e-01 7.777021377117723233e-01 0.000000000000000000e+00 4.298268123665421214e+00
9.222618715215249452e-01 5.098110529369395127e-01 9.848481299202916928e-01 5.024464807756281459e-01 3.163695546492255595e-01 9.272927657038836813e+00
8.383556741782964838e-01 9.377756805881863889e-01 3.449403991495766930e-01 5.482062680271830857e-01 4.435928869976379918e-02 4.998722682103483805e+00
8.190214174467793651e-01 4.023479592149389328e-01 9.536516801668020182e-01 8.458055487465951927e-01 4.253352803834458129e-01 1.098612705361534658e+01
6.293656756712244782e-01 8.857461857573827313e-01 8.100999083463086281e-01 9.520665299706401186e-01 7.041076010700692001e-02 5.408070741363949274e+00
5.880277474035924268e-01 7.916034289291105086e-01 1.745703295439539615e-01 6.850801471354479588e-01 1.070751365321485071e-01 5.983221191316404841e+00
0.000000000000000000e+00 1.574248849212887824e-01 3.417365773595733014e-01 8.689942823928458182e-01 6.751221032511016684e-01 1.478503202994595256e+01
8.738510178386842409e-01 5.674546718589612571e-02 8.841902714981157985e-01 3.416937353777580455e-01 8.953291336712786430e-01 1.837160720408805403e+01
3.662393211218980538e-01 4.255592882198183102e-01 4.874200024239612739e-01 5.000409495313729025e-01 3.865032780312556149e-01 1.037157983464877375e+01
5.064804412499408492e-01 8.254119400451227495e-01 6.353743403894939190e-01 8.725521187914111465e-01 8.914560298090445922e-02 5.702168808556041135e+00
5.232073714394605557e-02 9.288735774235529208e-01 8.525200704692151854e-01 9.434429277559495119e-01 2.623567135972681985e-02 4.676273986467226251e+00
9.253974011252203979e-01 6.511215772907845700e-01 3.284790628525588452e-02 3.929895360969730689e-01 2.040195146172404383e-01 7.508092487119702341e+00
2.035836992931866485e-01 2.496504160043933052e-01 8.393827194377807555e-01 1.058093434714457715e-02 6.120648442746061679e-01 1.390428997375852127e+01
3.493408019393645647e-01 8.902361431389205215e-01 3.063361362533277288e-01 7.493074742793712772e-01 5.436518237173354473e-02 5.151521125096874876e+00
4.550378179165440184e-01 5.179338232020419541e-01 7.627855955025322210e-01 9.802143586048153168e-01 3.060473275762999323e-01 9.107428600387327933e+00
9.948589912242747357e-02 3.476549710888422462e-01 2.406265844002781207e-01 2.114516921538598382e-01 5.059194380254988799e-01 1.223199865953010956e+01
7.207595719492541075e-01 2.871462218021325619e-01 9.027984124168478633e-03 3.130803967267130616e-01 5.604461351485232612e-01 1.310851175983727224e+01
4.246488693891937172e-01 6.138193758058305693e-01 7.747093361756287599e-01 2.233496985198257789e-03 2.415634841189825410e-01 8.096967486336398068e+00
8.676116484153317820e-01 7.640137258833195055e-01 9.785778484978363556e-02 5.254032009940452497e-01 1.336914246353447799e-01 6.402840568293065360e+00
9.693140271549378628e-01 1.486501749346795243e-01 4.328971096323142032e-01 5.293143885558411199e-01 7.411499074363115946e-01 1.594971897132955085e+01
8.482955434095384994e-01 6.468338239318148775e-01 6.219893766913204836e-01 8.472729486727352821e-01 2.059373639710079251e-01 7.537157421721237149e+00
3.977141043195684955e-01 3.354905606715946620e-01 4.270045380316202510e-01 1.086023764656847135e-01 5.050871160714632824e-01 1.223465708247279693e+01
8.584380909631663670e-01 0.000000000000000000e+00 2.235901912056870999e-01 9.840946445632372530e-01 9.999999999999998890e-01 2.001742932313466738e+01
8.727840619624558371e-01 8.016039102197577426e-01 8.635405676391230134e-01 3.503634447929755424e-01 1.042192608859175418e-01 5.939274340322342027e+00
2.420446169175220485e-01 5.961811509825957200e-01 9.646460642677383568e-01 4.460438362219498742e-02 2.538139144452529194e-01 8.288196862320409863e+00
9.018837701158655129e-01 4.075740887159955417e-01 5.462017530495620887e-01 1.033631005982016404e-02 4.118554871498950609e-01 1.077391517290749157e+01
6.812091215218527562e-01 3.905378044112145508e-01 3.927578821247922347e-01 9.007203752932078089e-01 4.428371675265103669e-01 1.125985190216442078e+01
3.416601881849272160e-01 4.645519365107096954e-01 6.871932261084403581e-01 3.147813610129155393e-01 3.646959414924361154e-01 1.003123603337292735e+01
7.090516096152390535e-01 9.508847102390391992e-01 9.576597385586473887e-01 1.000000000000000000e+00 3.717035794313788832e-02 4.884419774447501084e+00
5.612991996100642478e-01 9.818546359784443567e-01 5.833617144956936285e-01 1.452276287928278009e-01 2.753238506490984783e-02 4.733040357935567322e+00
1.696563102058498695e-01 5.876137005242876299e-01 5.333204357075165269e-01 2.330472365282432179e-01 2.678317133618692836e-01 8.505550839587968426e+00
4.011132070129528882e-01 8.745706890853529591e-01 5.522882033791554068e-01 4.363384920710942083e-01 8.194765995658115365e-02 5.587821899918895774e+00
1.438144144904002220e-01 8.303057569854028763e-01 7.570095850835076856e-01 6.571496120781503691e-01 1.108763997731545548e-01 6.040626027002324427e+00
6.421685515760098273e-01 6.688898264203814170e-01 1.374876440516483167e-01 4.200669079448662302e-01 1.891069433700237612e-01 7.271955531960730745e+00
2.498302586473333253e-02 1.101834990286098409e-01 1.062167237884440868e-01 9.552989716308530888e-01 7.651871072090156156e-01 1.621562144114266246e+01
4.157189711047548086e-01 2.287441303894802991e-01 5.967434896779230113e-01 2.431442479990959527e-01 6.391969688817783490e-01 1.434371872907679979e+01
1.376829736443695440e-01 4.454750165037383303e-01 1.773632682553969442e-01 8.184806398779187475e-01 3.550654296111460662e-01 9.866799076140074121e+00
5.457430166342149835e-01 4.595673387617641437e-01 1.627800511669757755e-01 2.753077092093008105e-01 3.637248114725847303e-01 1.001734282019641498e+01
4.132700240385550061e-01 6.984147123954084213e-01 6.811352444990593780e-01 3.603716319711942617e-01 1.628225601202222261e-01 6.857979918599264479e+00
3.033538888151285917e-01 4.279619420779509076e-01 9.101129175346809319e-01 4.454812921106441337e-01 3.858940862969043595e-01 1.035867752366743133e+01
7.260986713873602838e-01 8.504256999918353710e-01 7.143359662636781238e-01 2.559911917113932844e-01 8.250059253686148342e-02 5.596878149535372771e+00
7.521060681249149837e-01 3.042510754405444717e-01 8.806647997045373710e-01 2.948023851599028688e-01 5.391885827760153349e-01 1.277451396109018056e+01
6.974820776104653230e-01 6.450044993429076001e-01 3.026989315874678219e-02 2.954902193354946860e-01 2.165328000889070736e-01 7.703356900384190631e+00
3.139548885917121668e-01 1.129562593800393366e-01 1.591775025451240833e-01 9.626193436728183173e-01 8.067610854195575998e-01 1.697433583487122277e+01
9.740680684468494555e-01 1.421964166480060854e-01 7.729045291792469019e-02 7.903298328253800520e-01 7.484467164108278281e-01 1.606371101347517794e+01
1.314760489301857738e-01 8.264307261972518859e-01 3.724195139430693802e-01 2.369365505610190326e-01 7.701436545093426345e-02 5.497315306792169842e+00
8.769444485714485982e-01 1.377202556778831799e-01 9.610014898622173396e-01 7.965395345362402679e-02 7.562197272533278669e-01 1.618632150417916904e+01
7.030396733378794227e-01 4.315953661346262349e-01 9.528220510039221436e-01 7.887997728981162027e-01 3.968154132256852540e-01 1.053765698343057622e+01
8.505377386865473621e-01 9.385637811539921938e-01 3.322521742792787225e-01 1.020136525243842129e-02 3.407207325339084436e-02 4.836434771710394820e+00
2.734226857085575446e-01 2.331399681784409872e-01 2.231840730084943825e-01 7.441413833778458553e-01 6.112490632103411148e-01 1.390134402104528100e+01
3.949277046647555189e-01 2.119604644601869869e-01 9.826796455531785490e-01 8.793639229399925483e-01 6.428312283896688850e-01 1.439775321457054069e+01
4.158880864226303653e-01 3.767267097659420250e-01 1.774514709496622100e-01 6.438095450564702560e-01 4.470963010099755497e-01 1.132275231240242519e+01
3.301371409594280881e-01 7.419881789287361418e-01 4.239825755431146370e-01 3.735335098311072244e-01 1.512386713880818356e-01 6.677721820545731823e+00
3.352429284946595867e-01 8.558491382589240581e-01 9.659870915323950369e-01 7.966593467577549603e-01 8.771346907678329030e-02 5.675039456382268810e+00
3.585832266229929677e-01 2.469883921501591917e-01 2.506054018812208239e-01 9.980572130603189152e-01 6.046850053166851202e-01 1.380145047249607515e+01
3.121767592653719170e-01 9.468981422586149055e-01 6.793693523125576839e-01 8.655000835087438560e-01 4.967013312789086976e-02 5.080020314111080459e+00
9.131065724626592495e-01 5.904875316277830022e-01 1.840103709695986300e-01 8.392819844656838058e-01 2.494230491038462727e-01 8.221628297767718863e+00
9.242558754047156544e-01 1.633931331946692211e-01 3.975249927816419948e-01 5.308141218316198007e-01 7.269033291582723821e-01 1.572514968946038927e+01
7.569034185264120751e-01 5.877529013095590393e-01 5.844646832589971419e-01 2.464811598033076478e-01 2.496906534283038770e-01 8.225598111105979271e+00
6.711800473836311287e-01 2.102326501688998317e-01 6.555729568467048018e-01 6.300094703952510145e-01 6.580354555833149988e-01 1.464260905903032750e+01
4.899581841977408980e-01 8.227885751221540866e-01 9.281192664463184805e-01 7.614844459198266691e-02 1.073716543268967705e-01 5.987987395778842092e+00
6.231910470756805154e-01 3.806066045237556650e-01 5.795003497698970607e-01 9.893089172209865723e-01 4.460314655459819422e-01 1.131092348103119427e+01
2.290318383494688304e-01 4.288178729552246105e-01 5.351964335365374525e-01 5.065796728636584589e-02 4.120241828837188924e-01 1.076775361123042707e+01
3.811364666535613788e-01 8.798970923747091721e-02 5.487368344239765827e-01 6.580774188523399459e-01 8.318864508264348645e-01 1.737089367740775714e+01
5.112020038321811732e-01 8.489689619682240229e-01 1.231551576796285075e-01 8.967664040959579808e-01 7.523357556392429313e-02 5.481878428168657891e+00
3.683210631987756112e-01 3.579612433418618012e-01 1.002679871930374222e-01 9.022978802617220850e-01 4.790718229059546251e-01 1.182415833854004639e+01
4.123837424055197265e-01 1.506629808048897193e-02 6.994540352919913495e-01 4.784447280723149731e-01 9.773852463301314630e-01 1.965502542641985784e+01
3.212537577214265028e-01 8.223688553048473793e-01 6.853010477735942407e-01 5.817628259711185024e-01 1.121189923629229424e-01 6.060153586678470816e+00
6.407142488237160816e-01 8.661973562067656340e-01 9.414935000607089766e-01 2.243902092504512780e-02 7.097312415284029452e-02 5.417035410325964584e+00
6.890924501435373717e-01 9.780997692248160069e-01 7.528582776322145786e-01 4.943909077657941964e-01 1.931223422790939726e-02 4.603702685926919003e+00
2.683162407602443511e-02 4.112896393598706180e-01 5.516535211341896394e-01 9.043277599608678941e-01 4.225138621727588806e-01 1.085423208109068582e+01
6.684719590817103096e-01 3.571163550282993593e-01 2.988482885849241821e-01 1.939044178203186419e-01 4.695577803947753592e-01 1.168085539940383732e+01
5.394690037710343500e-01 1.922874788501111876e-01 8.947767674610324073e-01 4.743694479437916556e-01 6.849270838919413462e-01 1.506238906737431904e+01
2.864625641106768317e-01 4.004060903927433857e-01 5.436533640243100818e-01 5.061761086507168272e-01 4.128216425944495338e-01 1.078505028140481059e+01
9.644739181689860885e-01 1.475611984679534583e-01 1.453255176889382827e-01 9.598901920038898083e-01 7.403791644622178536e-01 1.593738887230792756e+01
1.155085908157935937e-01 3.036318467210939384e-02 7.869747102743591682e-01 6.732365902153496506e-01 9.656375845048238427e-01 1.943586940113688755e+01
3.252084401740336084e-01 9.516536535541642028e-01 6.198424036347921495e-01 7.596968822112017961e-01 2.081483076446349889e-02 4.627607644246475971e+00
9.819648414239430245e-01 9.541786480541588622e-01 4.930960730053260410e-01 2.592247864757091236e-01 2.730121040334609894e-02 4.730189121399849483e+00
6.316767584627366872e-02 1.139620517713156450e-01 3.962365443121415240e-03 4.678137684671828112e-01 7.726271313004217101e-01 1.640060303879719683e+01
4.131681045687458087e-01 3.792204289306351783e-01 4.739470328173853719e-01 4.000637051869588845e-01 4.436441846395495769e-01 1.126866263690529379e+01
1.195975707854479708e-01 7.487769647928896877e-01 2.576142536691433671e-01 4.746226268085091959e-01 1.485699725201829469e-01 6.614851051728365405e+00
4.867381586206447897e-01 1.789844434514963334e-01 1.447210673188533206e-02 4.502618254110153373e-01 6.916468214921520641e-01 1.516717748039917169e+01
5.773888901370418658e-01 1.236052200215609909e-01 2.480697221655498927e-02 9.896199935180494123e-01 7.738275298298292748e-01 1.646002260714371346e+01
2.865772842115380525e-01 3.394574085312768719e-01 9.291327734294579921e-01 2.986624807302717954e-01 4.778535498399582027e-01 1.180599194229727189e+01
3.128285693290616676e-01 9.763357558232627076e-01 9.485839226045830186e-01 6.325482965494888532e-01 7.822039131746338914e-03 4.422503710340340177e+00
2.232331162888325227e-01 1.163242188186434760e-02 3.977654098119315917e-01 9.879294957489648255e-02 9.912054911527642398e-01 1.986525093569618150e+01
8.087286250695671086e-01 8.897515182172304193e-01 3.814503019998484734e-01 4.996226790907254411e-01 6.525674271497833301e-02 5.327300318769493614e+00
6.090762072105762037e-01 7.661383312092169273e-01 2.998118234011796779e-01 3.681603861160578361e-01 1.239475442707961284e-01 6.248072059196429606e+00
1.477038990226072768e-01 6.138340805597464200e-01 7.880007432094955355e-01 3.690736512947498937e-01 2.160247144584516166e-01 7.689631786662317836e+00
1.302954505422240783e-02 8.166174214436385803e-01 3.865629652954005735e-01 9.256400672678708474e-01 1.283054306331798400e-01 6.247493005447338987e+00
4.642751778879622981e-01 5.286564851909598683e-01 6.023391581558449337e-01 2.680433874477525791e-01 3.070472898537606188e-01 9.126354610890269115e+00
4.342773432138408163e-02 2.909907719060964015e-01 5.474708348595872520e-01 9.250424101629857176e-01 5.375886264363274325e-01 1.271497108052909653e+01
9.468040474088172953e-01 3.686614065490690373e-01 9.850611692980408840e-01 5.068503880415438090e-01 4.529854592523985257e-01 1.142041415514487213e+01
6.814841024512994228e-01 9.642711745118003330e-01 5.940608072269053155e-04 2.790572942929649969e-01 1.991402809908793259e-02 4.613959500533282743e+00
7.330463281993160329e-01 4.694985207587681897e-01 6.258131462947197354e-01 1.227843269058581654e-02 3.566082250688745736e-01 9.906027793429737827e+00
8.863474831196527237e-01 4.719869675656792607e-01 9.280235896080913927e-01 4.290214390014153167e-01 3.595782693975994038e-01 9.952536739378071928e+00
2.745795427243442055e-01 9.682136498592707197e-01 8.595716325269486813e-02 9.076780896909166785e-01 3.051086888003895492e-02 4.781292935361054042e+00
4.723595048946701014e-01 7.014355880199392435e-03 7.618173987294386551e-01 7.575146127533027851e-01 9.945022045082184681e-01 1.992693826002539836e+01
7.612958601457453511e-01 9.322931586677237759e-01 3.876510718846758463e-01 2.373692584862610033e-01 3.655538646614042708e-02 4.875997427612292157e+00
7.866470284449791350e-01 1.635093471478096527e-01 3.264628639094883655e-01 5.671976029373642092e-01 7.269994189990426348e-01 1.572595861345168444e+01
1.196371585197242293e-02 7.396607400044551417e-01 6.680801523916551909e-01 8.813912773526286770e-01 1.351833699397781419e-01 6.414498229646414806e+00
7.440580173350532789e-01 3.843754049330558864e-01 4.729498617007575900e-01 8.302387843693619374e-01 4.464696944022408243e-01 1.131799209329778044e+01
8.459914869952669392e-01 8.307288574942484072e-01 6.267299331343775259e-01 9.937179160621276708e-01 9.631901381296448239e-02 5.815463906787918802e+00
5.287816313239592780e-01 6.920591748832902734e-01 6.734090535012413614e-01 6.320523503858321845e-01 1.782535701768844238e-01 7.102870140415696198e+00
8.461315595899801534e-02 6.062375311834333758e-01 7.054784558201686595e-01 6.428699173693530611e-01 2.628023153169655179e-01 8.419187904060040140e+00
9.788715271280685748e-01 2.373826324563332590e-01 4.743886379930298824e-01 8.633630013624884469e-01 6.213856041636510730e-01 1.406737917332120169e+01
9.796825662542318902e-01 7.682484113495766653e-01 9.008800297322520079e-01 1.890426395238868906e-01 1.264345085787605960e-01 6.288751395101641606e+00
6.641687980414086034e-01 7.706795466306401998e-01 6.333424062596916260e-01 1.330992476529839763e-01 1.232331368971528729e-01 6.236957879023029783e+00
1.455825111051891607e-01 6.915617752124963991e-01 1.628206091578791592e-01 0.000000000000000000e+00 1.603802848104096124e-01 6.807970717184986142e+00
7.490578682317736159e-02 1.802332206098102019e-01 8.694534855960949216e-01 2.680490166384306150e-01 7.045861916242733836e-01 1.531782616707859290e+01
9.020500671939544191e-01 2.546888459127511495e-01 5.300373326292155962e-01 5.616901350797771642e-01 5.978827186145049266e-01 1.369796335100171625e+01
3.009576205861397291e-02 8.195748180461345234e-01 4.531231645656549900e-01 9.043547652588816987e-01 1.064708866069947191e-01 5.970041832875187637e+00
1.213451155187220687e-01 4.390320138552094575e-01 3.690762449034076798e-01 5.262148222390887753e-01 3.993971587850889682e-01 1.055112577737247825e+01
7.947694159192060237e-01 4.131329767417839527e-01 6.395798189568849823e-01 7.451465766881408825e-01 4.142545545628343318e-01 1.081195449685462329e+01
7.486051237872632935e-01 1.269705942663719167e-01 2.942902610076970071e-01 2.056342220847078295e-01 7.703323887940004555e-01 1.640704448110905744e+01
3.242702444537016726e-01 1.982596033588369111e-01 9.874230487489378261e-01 9.724352718084929847e-01 6.564392215981185164e-01 1.461032029803535615e+01
1.374877621089260482e-01 5.763911677341818640e-01 9.372011997329570132e-01 9.829933205335077417e-01 2.865842269809387721e-01 8.794569858179906774e+00
2.636246287313613879e-01 7.281088963765626199e-01 2.863469236671518647e-01 5.558339982052551420e-01 1.385253961535992118e-01 6.473645440118509065e+00
8.230970980264570858e-02 8.044045912450860092e-01 3.058127211308459548e-01 6.062060324345459605e-01 7.759376868561790319e-02 5.502906566110344677e+00
7.024701243814586160e-01 5.096925083014021141e-01 5.671041388615795098e-01 8.773748857031495874e-01 3.121735264619444061e-01 9.206984067608747324e+00
3.461881582507865818e-01 5.543583309418367300e-01 6.615625048866365931e-01 4.944944447051344838e-01 2.734690104112152964e-01 8.597625902746591109e+00
3.174372669557892768e-02 4.249049548500292289e-02 4.723077037604757056e-01 3.073654173299100734e-01 9.589112687953510461e-01 1.927750398830117007e+01
3.969683933347361582e-01 6.643411171830573281e-01 8.714744389504023303e-01 8.463413430499286960e-01 1.975608165287541240e-01 7.401653786347456965e+00
1.430536711233201252e-01 6.524106070452456718e-01 6.215814921662352610e-01 9.053309303891658999e-01 2.258985670268159329e-01 7.844300586025764410e+00
6.246598159814018558e-01 9.120935707577493279e-01 7.171951138769732115e-01 4.043596187788480734e-01 4.365657473821005219e-02 4.987018118198525585e+00
4.415443175378520047e-01 4.573693050126358961e-01 8.819635506298291183e-01 5.381515564235073157e-01 3.595216897144464241e-01 9.950161944240603518e+00
4.604310598624056783e-01 1.319872992939657430e-01 5.559700937990863512e-01 9.634201000622457656e-01 7.801375492218288743e-01 1.655782482306601722e+01
2.187162838526535147e-02 7.163382732915415385e-01 8.058471021585054128e-01 4.942749255472236314e-01 1.964813237082160824e-01 7.367883669504879940e+00
3.593661881168007666e-01 6.854330700820222555e-01 5.345798824430677554e-01 7.601772745474022486e-01 1.722620875723033795e-01 7.007255336680024094e+00
7.289036704920663912e-01 2.849865447132274299e-01 8.335912235608520238e-01 2.375391444057868284e-01 5.627963907576505331e-01 1.314540226682030877e+01
4.280502058120328468e-01 7.741798703715472296e-01 9.739875489604754577e-01 6.280471543471062290e-01 1.204452513858120799e-01 6.194111277354627632e+00
2.828749623186808115e-01 1.550427755278625530e-01 3.663668879497461450e-02 2.921508417887661579e-01 7.221067692626257362e-01 1.563908992593988856e+01
2.398618320182842600e-01 3.354073363651662310e-01 5.682499029102578980e-01 8.501394868936671401e-01 5.040841276252966408e-01 1.221790099431695253e+01
2.693112982751258433e-01 9.834812647622442894e-02 7.760846564038308415e-01 2.472706100684920472e-01 8.118775813634636629e-01 1.704798157473970477e+01
7.477003292485040475e-01 6.995126878836346318e-01 2.769093717513887998e-01 5.463681268260351942e-01 1.661733459900746057e-01 6.912558597939399085e+00
5.268988515114036986e-01 1.720442815324085828e-01 2.895150345174714590e-01 9.754264159051757588e-01 6.986383032774932111e-01 1.527829222692578348e+01
6.540171263727219131e-01 7.805234282465057793e-01 7.026414163331016205e-01 9.789745348881151443e-01 1.172760839663223864e-01 6.143076500242045768e+00
5.502949731247617216e-01 4.605611151839549833e-01 5.636649589593758503e-01 9.748138781318296253e-01 3.694763474254719737e-01 1.010752350247936704e+01
9.000443656709129492e-01 2.291142144100314360e-01 3.916940039400487183e-01 2.944972605705906687e-01 6.271311026652384157e-01 1.415772841313845731e+01
9.266497038681473786e-01 6.296829697822626803e-01 7.872770917193312040e-03 3.248563831636559485e-01 2.225355347022507368e-01 7.799151307702982372e+00
3.781641072855650432e-01 5.775837310463852736e-01 5.253578878061774260e-01 7.305488709448297868e-01 2.722647419433872340e-01 8.578640206857027550e+00
1.199342857869419576e-01 8.246490594346160830e-01 6.583512486130753683e-01 8.826999660935967995e-01 1.236106332114726980e-01 6.234315786852068442e+00
7.450398217759841568e-01 2.786329675656388227e-01 9.789524835382078516e-01 6.133949087141132850e-02 5.706683192915101843e-01 1.326938172180947006e+01
6.536139200124688742e-01 7.258611997453038311e-01 6.294070289202798874e-01 1.226201047051418414e-01 1.488453795089945686e-01 6.640311838974098713e+00
4.536171535605297289e-01 4.005825293479622906e-01 1.758324574738093504e-01 5.143629984392674714e-01 4.140708358067506367e-01 1.080603029604433196e+01
1.461135650353297954e-01 2.504875645628156788e-01 3.390264320884522203e-02 5.009984674978138486e-01 5.774239640874400115e-01 1.335791669689739614e+01
9.268834413201259004e-01 4.318192437574291942e-01 2.829075724906451317e-01 5.152642911554359273e-01 3.985161229565716834e-01 1.056443431042480263e+01
8.842844181006883630e-01 5.069812929242999422e-01 5.808012312426118484e-01 2.267400084423289996e-01 3.174767976547989701e-01 9.290379937099874752e+00
7.229884998098128346e-01 2.396392455541896949e-01 5.715423850260834548e-01 1.803737754575411856e-01 6.101009970714307284e-01 1.388838184992896529e+01
7.359954070516043778e-01 7.050664335246223380e-02 3.648665091833488971e-01 7.233010222441027537e-01 8.651139380045250737e-01 1.789587330197204196e+01
3.919078905634181820e-01 2.952007328029997435e-01 3.848210515317876390e-01 4.941328326316902775e-01 5.508947424169480245e-01 1.295347102019501584e+01
6.474008610067452096e-01 4.480329955855633650e-01 2.649439794900457223e-01 2.292803813321242501e-01 3.727468760856351704e-01 1.015782168728402901e+01
4.362972660538168568e-01 9.467143817137175787e-01 1.463377613554744938e-01 8.236234379443754250e-01 4.662164309018834718e-02 5.032863301616880669e+00
7.428058132397228341e-01 7.637941036367453806e-01 7.703519016803589414e-01 5.138499941557537198e-01 1.303451243250597913e-01 6.350187880457444756e+00
6.266937961487735187e-01 4.325810420260729483e-01 1.226261369107112670e-01 5.004815228532315530e-01 3.842016741963664161e-01 1.033812887314974382e+01
7.718911167604467494e-01 5.274815551275092718e-01 9.679454615302066633e-01 8.114413088732419510e-02 3.031752004387633370e-01 9.066346624892460682e+00
8.946166535281596666e-02 3.876206685002496211e-01 3.327073749913748713e-01 7.132445627368859675e-01 4.609231491749370413e-01 1.150787876162819323e+01
2.775343499055136220e-01 3.127282326553204594e-01 2.232604888502003337e-01 5.277903415343008220e-01 5.378657894489642377e-01 1.274715540729674679e+01
9.512769473915443363e-01 6.428956882049025046e-01 8.269462369719657868e-01 5.559889758352980493e-01 2.182712536902966516e-01 7.731618584842771646e+00
1.906098598267014776e-01 7.490462800882179140e-02 4.073050106917908697e-01 5.374470062913054846e-01 8.607650698851269100e-01 1.781609228490767904e+01
1.580483612820191008e-01 9.168336173742354100e-01 4.618626500173281246e-01 5.987222409121901734e-01 3.274215601864982617e-02 4.804240117026513879e+00
5.348859744786911286e-01 7.561339927900028179e-01 2.607249420418315811e-02 1.755380810630260413e-01 1.344239751060893884e-01 6.414125076355198019e+00
6.869119757298354223e-01 8.477886985557773203e-01 9.016830126372410437e-01 8.056362346009091624e-01 8.437314335613510519e-02 5.627741440257880257e+00
3.654324079437984985e-01 1.561118130993593422e-01 9.306346096490092368e-01 7.352336095413161132e-01 7.448647534648799029e-01 1.600211768351466546e+01
4.398921417528279254e-01 1.604707895038856025e-01 3.000354902781852615e-02 2.510631809368106815e-01 7.161359791132392294e-01 1.555307778472241154e+01
4.506687246776386879e-01 3.261049827107278393e-02 6.724296330854794002e-02 2.079457535823863168e-01 9.271728419333881144e-01 1.886916702925178058e+01
8.491429085536077448e-01 6.923786051809119324e-02 3.577080215488908088e-01 6.802155955341913085e-01 8.680353424743320057e-01 1.794345713748987237e+01
7.576786711497660587e-01 8.955978956819027337e-01 2.071511504728355546e-01 8.351694073589044365e-03 6.530035138500284164e-02 5.327032458577165563e+00
7.388967409355431393e-01 4.510498576359041056e-01 7.002059944400271796e-01 1.038763001270908148e-01 3.758326360203176897e-01 1.020679569719330537e+01
7.720464996798404034e-01 4.201281014354522614e-01 2.991819274518728866e-01 8.280795635827491452e-01 4.013105221047013060e-01 1.060845451035465814e+01
6.188753048553725655e-01 2.696478811637210149e-01 2.209824690100621047e-01 4.907992951262656334e-01 5.769469933627778824e-01 1.336630195858734815e+01
1.151904062862968148e-01 4.072674763964920785e-01 6.679308586294739891e-01 3.754270250628799488e-01 4.151614456913650386e-01 1.081533612878437900e+01
9.378747756131953217e-01 2.928657700932492669e-01 5.386707905833941767e-01 1.201004755292860438e-01 5.516071203773922349e-01 1.297057236592390161e+01
7.191315933548907413e-01 2.825250453155446761e-01 5.178870088312095277e-01 6.088561626646651348e-01 5.629148159736233614e-01 1.314797922967560062e+01
5.458747805399649655e-03 9.055545381628178347e-01 1.472068853296872870e-01 1.558356915666134768e-01 2.711039546141508216e-02 4.662437678789470574e+00
2.291405706456196012e-01 9.304026120855659610e-01 2.115560783140332246e-01 3.566397719377984998e-01 3.131871118779189223e-02 4.786337098516361799e+00
8.869330057686510838e-01 3.273916311931596712e-01 1.914761353481111636e-02 1.664712978326576831e-02 5.063949832433808362e-01 1.226025347758558226e+01
6.393969993538056729e-03 2.252020703092902643e-01 4.064864409430531400e-01 9.921003070317091499e-02 6.736556250422697234e-01 1.480800576174918959e+01
9.760244906662656206e-01 4.287231203677317470e-01 9.355104739608359754e-01 8.564251602498202942e-01 3.956392557863008808e-01 1.051966838739130061e+01
8.999895771268004996e-01 1.309173892161576425e-01 6.064078944801957194e-01 6.986362415806102177e-01 7.648061963221030046e-01 1.632075074692303573e+01
9.242156070812581614e-01 1.263226849144948594e-01 3.536052364771867240e-01 9.958895744692402019e-01 7.729207611966576463e-01 1.644810502817114894e+01
4.976345244709104443e-01 9.424370939605447584e-01 1.078259680808790755e-01 4.571520787717204826e-01 3.116803586124700098e-02 4.789130958618626366e+00
5.775811508309074416e-01 1.885890720913949992e-01 5.737615005759736375e-01 5.667273714086213943e-01 6.793591146684793136e-01 1.497530805620765193e+01
1.360264875203358315e-01 6.579378967583200399e-01 1.826587550853752684e-01 8.945927253056158435e-01 2.042449886466484177e-01 7.507490433428726462e+00
2.319562677181821186e-01 3.484891610227799918e-01 6.877744202190397838e-01 8.199808053688109055e-01 4.960209905470829295e-01 1.208956867994687734e+01
8.531542329719310480e-01 1.206918469967555446e-01 6.675499389849737231e-01 6.057085001971138638e-01 7.882452068930035916e-01 1.668962530729930904e+01
6.873066841494031021e-01 4.924268081940957886e-01 1.102150645232372328e-01 7.402144413646176702e-01 3.295156096787235089e-01 9.479850341758750076e+00
1.056277590356166085e-01 4.943737021271754628e-01 9.127005573009195905e-01 6.652523835183146161e-01 3.126825634791902120e-01 9.187569991471683295e+00
2.963244936544288666e-01 6.169313904684652350e-01 3.123607302144349451e-01 9.305647452109511164e-02 2.187797806417225988e-01 7.736749557553734391e+00
5.920527152308043828e-01 1.146000573370778153e-01 8.444674988664691018e-01 6.000300333853321177e-01 7.970558039211749213e-01 1.682477033875613515e+01
1.799875938401196973e-01 6.090706462562835988e-01 1.527886143295361654e-01 2.575067281238165862e-01 2.223939932197305791e-01 7.783935929672318288e+00
3.485485773184395231e-01 2.144225274014599780e-01 9.479334953405199604e-01 4.295529803888982201e-01 6.612384653353318154e-01 1.468755623995960313e+01
8.257623558171467426e-01 2.284300145343002297e-01 1.872796647520466639e-03 1.496509838611626009e-01 6.351752894692168638e-01 1.428360576319150788e+01
7.706968772389155564e-01 9.670609842950583790e-01 7.699795358010228519e-01 2.086793189654496672e-01 2.465653926149946606e-02 4.688002267663192946e+00
6.654341985473246623e-01 4.764272399965332472e-01 1.131597953992897615e-01 6.818889972255792742e-01 3.443727644480940597e-01 9.713304491319108891e+00
7.798540772908166829e-01 7.023944155063840400e-01 6.828824480741267910e-01 5.223640175681332209e-02 1.655846997527408715e-01 6.903703141618161787e+00
3.345354721259965469e-01 7.777598128664147126e-01 1.571429671702079256e-01 1.044037312680341500e-01 1.157902969297487372e-01 6.120471929620753038e+00
2.834509069276008320e-01 4.003646837667870773e-02 3.217962381794882698e-01 9.166904188441105106e-01 9.079197576376448753e-01 1.855774304785736106e+01
4.587582028586854599e-01 3.819110077569798922e-01 1.737356375475309633e-01 4.945243280328384117e-01 4.525411279566095013e-01 1.140988750333267987e+01
2.386733640483823526e-02 4.305719354037803037e-01 7.550585863783414453e-01 1.209221664647959216e-01 3.865053901063150166e-01 1.029443843177157092e+01
5.991971258938626477e-01 3.868829598358967947e-02 9.933952033803451487e-01 4.336078720740133008e-01 9.337608281319332848e-01 1.897442543278337013e+01
6.227836558306887316e-03 6.215246528571267692e-01 1.794715134005716306e-01 7.095243820285244141e-01 2.747461077489339321e-01 8.575531406084506258e+00
4.996766244790132316e-02 1.234849533106990305e-01 2.095997206258082834e-01 4.478489167972981022e-01 7.557394668648286240e-01 1.612885252917046941e+01
1.352390480778238591e-01 5.043363627284584982e-01 5.304458016750629445e-01 9.562435997967959622e-01 3.436389970018199902e-01 9.679925828712002911e+00
3.186919144840148488e-01 1.930223019460159117e-01 7.503375596916139756e-01 2.572154291529624714e-01 6.714277367936472007e-01 1.484432421893814436e+01
5.205553548572614542e-01 9.352476617730566266e-01 7.373737555836336055e-01 3.612774165830199280e-01 4.865270762078721667e-02 5.064466802239997456e+00
7.515855463783458479e-01 6.088375752034710930e-02 5.888277517224320690e-01 3.150322995538203941e-01 8.927150690136526068e-01 1.833025331003103631e+01
8.681734551326376614e-01 5.332467257815530770e-01 8.881695402955369634e-01 3.375521522462641144e-01 3.028805894504899010e-01 9.060856491377792921e+00
1.823374820642920668e-01 8.468163719579144821e-01 7.298068218757383652e-02 4.073093159818590436e-01 6.577057910967476495e-02 5.327049752051467912e+00
7.754075127530573042e-01 4.109703934533430192e-01 5.663890998086758000e-01 5.232651149944480551e-01 4.086346729767799113e-01 1.072256158399460801e+01
4.646449848218364154e-01 7.876138397041398953e-01 6.243468636071266564e-01 6.993356886013906148e-01 1.208057073220248356e-01 6.196922762478701330e+00
3.629306773656015284e-01 1.276573158182429668e-01 7.682630232702203354e-01 7.536038720584627981e-01 7.668229071778843720e-01 1.634466733321936616e+01
8.568622974454014329e-01 1.054577396000104667e-01 6.601535334780894715e-01 8.969049268239270845e-01 8.143208818080506228e-01 1.709829420745707651e+01
1.788330326817232918e-01 5.247366665319913581e-01 2.772826472749402305e-01 5.134194519479908791e-01 2.989484997409360689e-01 8.983446442069856985e+00
8.885719980360977654e-01 2.010355428696881108e-01 6.290856020689086225e-01 2.765985172587068774e-01 6.620935536751856310e-01 1.470638109325093801e+01
5.550151019538160924e-01 8.106455180120835102e-01 8.246562657356242276e-01 6.051087007110922400e-02 1.120772859115574671e-01 6.062553945435661618e+00
3.700889155018466936e-01 4.538498650937441981e-01 2.017328481518745886e-01 6.540916874541906623e-01 3.792338443416951588e-01 1.025587933997028323e+01
1.467175909391283950e-01 1.477389542327674776e-01 4.930333629183216715e-01 5.097564037328172759e-01 7.257013170531375623e-01 1.567869759835835630e+01
5.723883315899314095e-01 7.630212208648617933e-01 9.463961849416601124e-01 8.928714592718183241e-01 1.395686711752985865e-01 6.493089984620960209e+00
8.153921220871551689e-01 9.897975235484300915e-01 2.122365289327665938e-01 7.617518202885520395e-02 2.207849638636677492e-02 4.648083037015374508e+00
9.237503640140958261e-01 1.765377768392018681e-03 7.188282918290668233e-01 4.545021549570833486e-01 9.987266156305490972e-01 1.999758566912429814e+01
4.025374004423625807e-01 1.604540475950870515e-01 3.711299648452241057e-02 1.150749391537964073e-01 7.214229614047246164e-01 1.563301159352931258e+01
5.045668030305539009e-01 6.304696982796826887e-01 2.619201534656074304e-01 4.192009587265612680e-01 2.135656529006798032e-01 7.655584767011400338e+00
5.193087292223401708e-01 3.016930589222099890e-01 8.800497149855531775e-01 9.832827403417674361e-01 5.448239375227943437e-01 1.286201825500569917e+01
5.586447817270179250e-01 7.584887190877421803e-01 2.558565451090190068e-01 8.686744325549877743e-01 1.264744782262840483e-01 6.288318858997897998e+00
7.805367566120988698e-01 9.172457254095427448e-01 1.392171615850706090e-01 4.828570070051085850e-01 5.086940154954822102e-02 5.101221153740807424e+00
1.896499388852176393e-01 8.267622490460927454e-01 9.487641164324756016e-01 8.595666530663184091e-01 7.593023634602924510e-02 5.486695213738408405e+00
3.673285209125728978e-01 6.530959930208452002e-02 2.581899046942610632e-01 2.151220266442894768e-01 8.874724725829067351e-01 1.824108213326098138e+01
8.653282029677722420e-01 1.380068485681600586e-02 5.307621012681993516e-02 3.529410720488783682e-01 9.668718385097633261e-01 1.949606788730410400e+01
7.010205397460869126e-01 7.860282402944946956e-01 5.548289893484653623e-01 6.166509460734062031e-01 1.247342947721919448e-01 6.260701050601323203e+00
3.043672778830746606e-01 6.746467402742668540e-01 2.415399201579922495e-01 7.696785294568133651e-01 1.946629411360051853e-01 7.359741196411574649e+00
3.322918393024124617e-01 6.082672824796101496e-01 1.557970312261717227e-01 7.680355870901820481e-01 2.307407833529064867e-01 7.921712825064800789e+00
4.693386848484337737e-02 7.488403106607049997e-01 1.413580999501433955e-01 9.482906726999029701e-01 1.703448044720335397e-01 6.965155133594604919e+00
7.569334521468269461e-01 2.611040555971236854e-01 7.783021392207034594e-01 5.315273242719165125e-02 5.796727301145246924e-01 1.341094257526255262e+01
7.417783958548807011e-01 9.781141106638052696e-01 2.477358250495307890e-01 7.260504170533756962e-01 1.391742024141412459e-02 4.519741457299288889e+00
5.910335335975502868e-01 1.798929839835321787e-01 5.956307161583698218e-01 4.694098301553193409e-01 6.997950865337660975e-01 1.529651596217208720e+01
7.912248794153231568e-01 7.404837222622849824e-01 6.916090817968361115e-01 2.471472209787624053e-01 1.418091935686158767e-01 6.529368202525671627e+00
4.610055198940318788e-01 5.227201222246299350e-01 7.527500877082433650e-01 9.158972227883719341e-01 2.990903640327825519e-01 9.000560349802164239e+00
5.945471104881123736e-01 3.404584585770742411e-01 3.352122784039078818e-01 4.049985592230029852e-01 4.976257675603953379e-01 1.212017116386058113e+01
6.623162620611926510e-01 2.914028731533026551e-01 3.132014667805946839e-01 4.851912644784928119e-01 5.409728063994044822e-01 1.280189206250051726e+01
9.743743923587633304e-01 8.684822164681120782e-01 9.691097982225352903e-01 3.475244414305063145e-01 7.739565114392665812e-02 5.517389898023862038e+00
3.476934289888101715e-01 2.960456325479000617e-01 5.020462808985917125e-01 7.880771979772625002e-01 5.316597709252314230e-01 1.265305683440359807e+01
4.066821345426002154e-01 3.543298315929687137e-01 5.065630443119221171e-01 2.907038866773099528e-01 4.674834564440699669e-01 1.164642383732756947e+01
2.219097279167753234e-01 2.735667779942883016e-01 1.520612498314117822e-01 7.517322125365932806e-01 5.628430561448499736e-01 1.313984194579622766e+01
8.007355686359822755e-01 3.316760064088950521e-01 6.882528745985716512e-01 8.745446147344217991e-01 4.998649822019871625e-01 1.215740543405433272e+01
4.097414557759276321e-01 1.203688656147766378e-01 1.894161181436342101e-01 9.026487908706890551e-01 7.755787722056978195e-01 1.648477197697768304e+01
9.658851267515589090e-02 5.273153626543382044e-01 4.780056080104468363e-01 3.905577100474388885e-01 2.760008263029712916e-01 8.617570580229473975e+00
3.476771464183674998e-01 4.137385125077727155e-01 7.972177376272227001e-01 6.169562828298147394e-02 4.217197967443024886e-01 1.092619375154488459e+01
2.592908856226629477e-01 6.937927984681897531e-01 1.782559650114259320e-01 3.604653054399165057e-02 1.820847093293660457e-01 7.161916896232399132e+00
1.469373163233270163e-01 9.316933713955033447e-01 3.085150638210820140e-01 3.197792880955443451e-01 5.951772297025575975e-02 5.224549653995396170e+00
8.643056630316997557e-02 9.073347736090365823e-01 5.365267721492146258e-01 1.906728590596262762e-01 2.495075264411034111e-02 4.680775382438248755e+00
3.227830066610644644e-01 1.708982223678265355e-01 8.581124583081795043e-01 9.711603837775193426e-01 7.242533052432239549e-01 1.567689373979668588e+01
3.673991628632046758e-01 4.695518520445375876e-01 6.419114051943293209e-01 9.012580779512067153e-01 3.451524814007671527e-01 9.720677131382085889e+00
4.768966794618488270e-01 8.373815574262801764e-01 3.957026612222876438e-01 4.952770579461684974e-01 9.730793323031783348e-02 5.830477745629285558e+00
9.004461696645513769e-01 2.568750561952213296e-01 9.289658983313336948e-01 8.277256995930724059e-01 5.971325197371091242e-01 1.368595172040529206e+01
2.355787346867718179e-01 5.761656186918027167e-01 1.361909073266899528e-01 7.177102392837646505e-01 2.532645887583923061e-01 8.271336267970232470e+00
4.873075135653345824e-01 9.483529847818585878e-01 9.607561795558779982e-01 1.343378178860241690e-01 4.255490127542410628e-02 4.968435999717632612e+00
5.396588826783794701e-01 6.879880550949589724e-01 6.567605833616777522e-01 6.855329041981406135e-02 1.894318329136240875e-01 7.277721008741984576e+00
6.603788174142180001e-01 6.647155173232723868e-01 1.758680036436965632e-01 6.779835889404992599e-01 1.966479628266865620e-01 7.392098364535860000e+00
6.513983300262420340e-01 4.820623994437661652e-01 6.660061431398239806e-01 5.494192329589058232e-01 3.367896216215566785e-01 9.593603968407425242e+00
8.932124642968188866e-01 8.088458587797969779e-01 2.333015717061745209e-01 4.586463845588397703e-01 1.002549066142012779e-01 5.877019756070581913e+00
9.925181749689766519e-01 6.331285369273279562e-01 6.205249400355059564e-01 6.891339638861282424e-01 2.178065747699143295e-01 7.724820992989065438e+00
3.807997949825201456e-01 7.345434265480686731e-02 3.795171706406885170e-01 5.261814691623722950e-01 8.587985650201811483e-01 1.779024488503765511e+01
7.949513623069843771e-01 5.483743419663043017e-01 4.328347926947546664e-01 7.811242926179353674e-01 2.927201576669969940e-01 8.901145186794190423e+00
7.254771031898556988e-01 4.106929461952532057e-01 1.772588828571320663e-01 9.225492766339105088e-01 4.065826174247747504e-01 1.069048800069025873e+01
1.130504660824516450e-01 2.410533566197333999e-01 2.155241376209935666e-01 4.254943484243778329e-01 6.344648963055968816e-01 1.423976961722338430e+01
5.474374448067673704e-01 1.315893547590678003e-01 7.562414059276462153e-01 7.020336640399431616e-01 7.604064885056734946e-01 1.624936838902345571e+01
7.705502616980268726e-01 4.091163032222150386e-01 9.969075073581173951e-02 1.579672466552182186e-01 4.164266274158512360e-01 1.084485764261555829e+01
4.475132651418525787e-01 3.900738003981839008e-01 4.864898325303378401e-01 4.508242820550876218e-01 4.434670945006177201e-01 1.126705791867166617e+01
7.053715313966213429e-01 6.218164479360804853e-01 6.455351168643412851e-01 3.996675483870699708e-01 2.209708075821563145e-01 7.773713572223585722e+00
7.323097721417040074e-01 2.086936796642234193e-01 3.290800487146305353e-01 6.018671706566305346e-01 6.527193758190422690e-01 1.455801150611707406e+01
3.115704821634154853e-02 2.553790594338558595e-01 7.753494025060894135e-01 6.797932471883605388e-01 5.724205181867196846e-01 1.320669489363755567e+01
8.841747281897711641e-01 5.218640334071035225e-01 9.169590249122917536e-01 3.497445001913899176e-01 3.148023856051499481e-01 9.248593783038325356e+00
3.636086023508391940e-01 6.370246943206266943e-01 4.885414506549256575e-01 5.183839461019772443e-01 2.163393485257221194e-01 7.700770061594333527e+00
3.001314796936129237e-01 2.991569584550799465e-01 4.414672238385034531e-01 2.081181218564154278e-01 5.520483628046360947e-01 1.296993576989023111e+01
2.783363319078237530e-01 8.578923546868427730e-01 2.402167191568169435e-01 3.470944236078725709e-01 9.066532619979522645e-02 5.720798021258687527e+00
1.000000000000000000e+00 5.102865332429197265e-01 2.747245134260938304e-01 2.924165331660155687e-01 3.240070425818292188e-01 9.393373121035896389e+00
5.034271072839036076e-01 3.909503856192191318e-01 2.995091623943794690e-01 3.855228430612598345e-01 4.432567067601437261e-01 1.126492665013502759e+01
3.192851005051995372e-01 6.760884385964913701e-01 9.446040778771768176e-01 5.055805341527523922e-01 1.885386245574617314e-01 7.258158384697386722e+00
5.119617696653737671e-01 1.189182330317424957e-01 1.048026059630626783e-01 2.401264998432708353e-01 7.987371979088276897e-01 1.685182471009276028e+01
8.690782725925869645e-01 9.869694459301439071e-01 2.360848758044973017e-01 7.061852128054013633e-01 1.978558307923289350e-02 4.611667392695554035e+00
3.807668785255345356e-01 9.774831443606405434e-01 7.560558228582723306e-01 2.804274762420337908e-01 1.232914148637753726e-02 4.492209073500009531e+00
9.242351800804466944e-01 8.778198619466380803e-01 9.050338553713212220e-02 7.088102794264123929e-01 6.615700432919807694e-02 5.341448435450145915e+00
1.084357316048464859e-02 2.122469296556918628e-01 7.431458969772057610e-02 9.196202268212694264e-01 6.888071055189669556e-01 1.504697011341502133e+01
9.689098220165694997e-01 8.798205583662532803e-01 8.719054966588158928e-01 7.621864637454951463e-01 6.232362713977102064e-02 5.280636395430097885e+00
1.122229781896657286e-01 2.671394207604714244e-01 6.920896908955184168e-01 7.710481298921632032e-01 5.645846170115453866e-01 1.313786820131740107e+01
7.795744885345119446e-01 8.395064354572481236e-01 1.304703749819420555e-01 1.030529410375127242e-01 9.053653457287669237e-02 5.724612507386048321e+00
1.241731620261088131e-01 8.972872720948766867e-01 1.771173943971673936e-01 6.223376531920319366e-01 7.502332859827798295e-02 5.478244449847339936e+00
7.400617821317194700e-01 2.097386448393310787e-01 2.936224573540928695e-01 7.956392770791609337e-02 6.485630051092603487e-01 1.449324985071015703e+01
4.103358024860002673e-01 4.447796841197160789e-01 4.421952584116195517e-01 4.749702280491749917e-01 3.778445477193101976e-01 1.023843967125251631e+01
6.109193452620460540e-01 9.261626091932183558e-01 8.657050269780475205e-01 3.497615146954995424e-01 3.784242332743553705e-02 4.895025330845822253e+00
7.072391990845268150e-01 4.520666081603849640e-01 4.566685842923096650e-01 5.085952779959796999e-01 3.678272271406030081e-01 1.008201948173500462e+01
1.140918896291208962e-01 5.342008622716928334e-01 8.819411431786809974e-01 7.999468689659128273e-01 3.242317610428587793e-01 9.382051572417182683e+00
3.758206894681154209e-01 5.663724008972833568e-01 0.000000000000000000e+00 7.112176391406563880e-01 2.613103754217054320e-01 8.406352270214144440e+00
6.391559373735236083e-01 5.673149797915009174e-01 8.580622600537453071e-01 2.650281242075216426e-01 2.784738436187420563e-01 8.677009668203080395e+00
2.575829307041224148e-01 6.156351599811685782e-01 6.909384333839715397e-01 3.004497018037266542e-01 2.170418801141908993e-01 7.707543371022086198e+00
3.765817441160846935e-01 6.867843382536460706e-02 6.675913419810234339e-01 5.620540488871661466e-02 8.752964617075532638e-01 1.804964931273200790e+01
8.792603001610979074e-01 5.877310359023005804e-01 6.890035575998395556e-01 1.629653244002771117e-01 2.526779476910756550e-01 8.272822303991867798e+00
2.620311909119422134e-01 6.112588717443792063e-01 4.724009176784650932e-01 3.678271260986143432e-01 2.215616120681582757e-01 7.779677109982813477e+00
2.640491666034183171e-01 5.633397510145472520e-01 2.048905924378317811e-01 8.212727968608550810e-01 2.831717819128145575e-01 8.749017812518401271e+00
1.870404376699671967e-02 2.211899110664962420e-01 7.338227615213402388e-02 6.504292657057799687e-01 6.854484469532815538e-01 1.498507178976312204e+01
1.501095672532095637e-01 5.825761644736277001e-01 6.192083838471728052e-01 4.016714132596934661e-01 2.495530337006052202e-01 8.204676862161152329e+00
6.024092497300201909e-01 5.902789401087370491e-01 9.380893290536704843e-01 2.410746433211219397e-01 2.558815226109223406e-01 8.322782042207137465e+00
4.279819914724332652e-01 4.202845367198889126e-01 3.953815823361097048e-01 6.130968599018800091e-01 3.930870109037331028e-01 1.047608657059155846e+01
2.556395715299360494e-01 1.003322547739630283e-01 3.153826239537179110e-01 8.181822245902541368e-01 8.095824517842183932e-01 1.700934497565632952e+01
6.575175760127074387e-01 3.450294213836231916e-01 3.218962412179156574e-01 6.009148639406145520e-01 4.898038001448348222e-01 1.199735883553928772e+01
1.109033039995702130e-02 2.643363673371513234e-01 5.964655550384215799e-01 3.180731316297986666e-01 6.073288201010242915e-01 1.372895156436475261e+01
6.080158239408834930e-01 7.033260387279017811e-01 2.453885421994827509e-01 9.147894846511519518e-01 1.624812699722286147e-01 6.853662135466639604e+00
6.168084293823934416e-01 2.158246227762740388e-01 4.434762088447515849e-01 5.935392859554031730e-01 6.380891034478586299e-01 1.432811706011416142e+01
6.601462620856006769e-01 8.921030065855630742e-01 2.009511572486384345e-01 1.870141165688838925e-01 6.196272159181159811e-02 5.273870570218095466e+00
5.331953120533691748e-02 2.249240756825255649e-01 3.691993238212551987e-01 3.184874287131922443e-01 6.115463526587818777e-01 1.384678201754607585e+01
6.105114978473087373e-01 7.793121185990117272e-01 5.738505400436919590e-01 4.049830016672988364e-01 1.284338296972473148e-01 6.319876291337725327e+00
6.820124294919779895e-03 3.850339768449309585e-01 8.512274799677836679e-02 2.217061314668420380e-01 4.351785178450742197e-01 1.109763372625650568e+01
6.593184297538068339e-01 7.138097282728003701e-02 8.203253019100531507e-01 1.057821374245744295e-01 8.725025168045795754e-01 1.801157611193308128e+01
6.300145082188024492e-02 2.038682812585350390e-01 4.157809926193205552e-01 7.637155847569587763e-01 6.532764234555665794e-01 1.450153204070773327e+01
3.307989182810929796e-01 5.792966148701769180e-01 3.305952802219456754e-01 2.578569298507726870e-01 2.614734358379697809e-01 8.409655777068483218e+00
3.533696386694901159e-01 8.379707059975450845e-01 6.386069580396361856e-01 5.863041041882031124e-01 7.701451483565657785e-02 5.508904686873929535e+00
9.544156822049580935e-01 9.396399312540999471e-01 5.924975845812584518e-01 6.274676390068538723e-01 3.457275046022406650e-02 4.844987223956498390e+00
1.267407303272172214e-02 3.986922333774998162e-01 6.653284634932195019e-01 5.556991751404520841e-01 4.656383487230493223e-01 1.156522605075857690e+01
5.959341432934168736e-01 7.808276028114496253e-03 6.883381911242100193e-01 8.160753439166192891e-01 9.913965481097760657e-01 1.987950971324841021e+01
5.238092375352680907e-01 6.804578318986653773e-01 5.438623285579354816e-01 3.506893571176199487e-01 1.838906235286627000e-01 7.188936583119081902e+00
1.845572829329527598e-01 9.427286170771713714e-01 6.154001800866256700e-01 7.578795659137806950e-01 3.723214916219602655e-02 4.887049132999035095e+00
9.363787472861289096e-01 6.042438523876265677e-01 8.522293411764105819e-01 1.601835300031755338e-01 2.454967876860593146e-01 8.159883935363110297e+00
2.698425111399810339e-03 1.775584728707425286e-01 7.555971826172050432e-02 1.209719317863022781e-01 6.678799577584322300e-01 1.471411668583697541e+01
7.235691124829342069e-01 7.499725571843768313e-01 1.397048277514815195e-01 8.096914891296851380e-01 1.343151807803031339e-01 6.412191621388498852e+00
6.157150864593390338e-01 9.136085857293646528e-01 7.834606370028373012e-01 9.951605631814199882e-01 5.280388851432743502e-02 5.129560796546110524e+00
1.281184333053947966e-01 3.615835410457990950e-01 1.104059771429257569e-01 4.147596195192466695e-01 4.417979636215398909e-01 1.122448158000294249e+01
6.868227035102631994e-01 6.775645820311180234e-01 7.247336309293915813e-01 2.062493932072939629e-01 1.947177239820658823e-01 7.361359265027166643e+00
4.298344966950306545e-01 4.178502845306144575e-01 8.608214603208360627e-01 8.946212154190753552e-01 3.954536876647420929e-01 1.051289987153127292e+01
1.893126296573336975e-01 3.586776909049214646e-01 9.220733813335456608e-01 2.706520134493750618e-01 4.539997869139769104e-01 1.142116896881826804e+01
2.270616014714724185e-01 9.271808526904516956e-01 3.881208120766873604e-01 2.856759931007122333e-01 4.579511844222750039e-02 5.012638097842238238e+00
4.478995492525928435e-01 6.068425301813775707e-01 5.095859390738618488e-01 6.465722237997635347e-01 2.350862374745573691e-01 7.992389955089072906e+00
7.136398223233622051e-01 1.016953063248885042e-01 2.603939984048597722e-01 4.805049900302140742e-01 8.119070916333389620e-01 1.705974450126181807e+01
5.453361571837247457e-01 1.387766146005540713e-01 9.744033418254284262e-01 4.911025225349536782e-01 7.552038596072080390e-01 1.616884020030162361e+01
6.212429039793732066e-02 4.880642368605718207e-01 5.726643780267138828e-01 2.844579827995730170e-02 3.112521573954547538e-01 9.154837178474609871e+00
7.878156947871286508e-01 8.164359236185652069e-01 9.885985402320899285e-01 1.481101826075619243e-01 1.036417663871029293e-01 5.929377590638828188e+00
2.464853146456426614e-01 6.560308832310449700e-01 6.721721355294636435e-01 8.728527107223005288e-01 2.128953444271775020e-01 7.645024816512774102e+00
8.211459024551250874e-01 3.179454348404497366e-01 6.250472765754950810e-01 4.684481830747895259e-01 5.098769076266963518e-01 1.231416185168364663e+01
9.207978527046173367e-02 4.564794279426224177e-01 6.933099610142920977e-01 3.129473533120208373e-01 3.710253026741274773e-01 1.012079666758191010e+01
1.779392691297147500e-01 6.659493873818793652e-01 5.886672885673037703e-01 9.619138715109976090e-02 2.151161410728386070e-01 7.672335836022635469e+00
4.806950825728028565e-01 6.010583358293356548e-01 4.677286966777164934e-01 7.903595415663176027e-01 2.543569969678588505e-01 8.296841572814445342e+00
3.666224865616315998e-01 8.769997685180661584e-01 8.272450174353496166e-01 5.132058395292879993e-01 6.837931845847045054e-02 5.376284210906719707e+00
2.664119050758634311e-01 9.087055542068965819e-01 3.557700519123478400e-01 3.545579627741233253e-01 3.773994932700514005e-02 4.891189714751327244e+00
8.800763090869461180e-01 2.359820480418907962e-01 1.824870549303336809e-01 9.812155848236763234e-01 6.215462864736542858e-01 1.406981453923467384e+01
4.568295540468277349e-01 8.730538273360254342e-01 5.907062897941104396e-01 5.098362875297048902e-01 8.164801641596935999e-02 5.582984940285490971e+00
7.996368801784239366e-01 2.030156662194608497e-01 7.916215867021395569e-01 3.907653145854101950e-01 6.626556291877739868e-01 1.471578381709575822e+01
8.609111635583122091e-01 2.867124043780818754e-01 3.429939761414392829e-01 9.080591326101181693e-01 5.530549862553508778e-01 1.299342713041555442e+01
6.967975918727309370e-01 3.874233296527068715e-01 9.378082861417437188e-01 1.911536520965810837e-01 4.410150807588513189e-01 1.123091824702081709e+01
3.240480614463511766e-02 9.841716435189129530e-01 8.213638396242484152e-01 6.673535717955996205e-01 4.890704593993855376e-02 5.064003227957838860e+00
8.909761992513278717e-01 4.135420392957342983e-01 4.165705490382449749e-01 4.784915979560881993e-01 4.053415845852587074e-01 1.067166259795201277e+01
4.266280149025299395e-01 4.960851443879001343e-01 3.609900290297178294e-01 2.296396221702003970e-01 3.343230977634154000e-01 9.551404193650673946e+00
2.644827313476512121e-01 1.738736980044010283e-01 9.881514940512974299e-01 3.905286874394295893e-01 6.918588983280983262e-01 1.516651257028026123e+01
6.281177661412939983e-01 5.110360349424444282e-01 1.498013673676444335e-01 9.570174511269211592e-01 3.267535836096422397e-01 9.435813974177133190e+00
9.027729516275693200e-01 9.727077393896844670e-01 4.138945891679431943e-01 1.053287766332466902e-02 2.909599667868228989e-02 4.758616065846793752e+00
1.268336203560078979e-01 4.752644937160860894e-01 1.822402986213769172e-01 5.489231501579183714e-02 3.351471954726454872e-01 9.559009453765243691e+00
8.452993004766538032e-01 7.108643977469140118e-01 7.502461781737190805e-01 7.554738043538762327e-01 1.705894195346144282e-01 6.982522608567235167e+00
8.756665605088060911e-01 9.382488102794911411e-01 3.657895272573617740e-02 6.352831585427765049e-03 3.445299434071458222e-02 4.842448050281760175e+00
4.977054673380841288e-01 7.506256142259449815e-01 9.612433199735340716e-01 4.574303935978054625e-01 1.342024925411502423e-01 6.408130696504191093e+00
7.247599554990227233e-01 1.732999724721649981e-01 1.629728155782629861e-01 2.132933137032466675e-01 7.136463926815949099e-01 1.551623508077771163e+01
5.541718464464122640e-01 3.952653525109245392e-01 7.680432186918560999e-01 6.908446809182411386e-01 4.389485277617545256e-01 1.119784748519702333e+01
8.993500935742928526e-01 8.620177060839735450e-01 6.786768782120440324e-01 7.121219137580094838e-01 8.258223688618543390e-02 5.598918774241383289e+00
8.227085125715078995e-01 1.007392400417332634e-01 8.480134083771274645e-01 1.071416136471601277e-01 8.219304318828780653e-01 1.721895308844553085e+01
2.775705084571563064e-01 7.437787460215652402e-01 3.465147892487705494e-01 9.688045908592570754e-01 1.515808814556773854e-01 6.676092197093979941e+00
7.677691500426975235e-01 4.744849564211218174e-01 7.270352860869350176e-01 4.478480079937039449e-01 3.473828962566237744e-01 9.760911906923338321e+00
9.851211754193964221e-02 2.317580247230649482e-01 9.878438564239991893e-01 7.198236417057053416e-01 6.429765494854596808e-01 1.438291706635786404e+01
7.134799417795683052e-01 9.086207563692498823e-01 4.021922458922896904e-01 9.937722777265989293e-01 5.817757068609802351e-02 5.215914701098208539e+00
4.349042685404494457e-01 9.266761050155206680e-01 1.091284350481263876e-01 6.646109198954341934e-02 3.454677453674831478e-02 4.842653980720328377e+00
3.569812724199712961e-01 6.568314229982196162e-01 7.258695352927497790e-01 3.586764081828928141e-01 2.148037307885463654e-01 7.674943367571545494e+00
8.174347848271552586e-01 2.285021895032838257e-01 7.272515353860621590e-02 3.534407510481472059e-01 6.337830431313372648e-01 1.426191672918770159e+01
2.382709383029181227e-01 1.573792141501984820e-01 2.209906814632552896e-01 2.378825840579050777e-01 7.415111957698471423e-01 1.594029468134149852e+01
1.745696198166769575e-01 8.666840593819470362e-01 2.454490747132328787e-01 3.338285038206603161e-01 5.689881748143926776e-02 5.186100081623638225e+00
5.946311300508426712e-01 2.957897380978440904e-01 3.250665585455515538e-01 4.468992043062698372e-01 5.416600377194297211e-01 1.281361810113707556e+01
2.469095251684668146e-01 1.407701512026289514e-01 3.120448193350986443e-01 4.340316084895921023e-01 7.707579043885234293e-01 1.640461774225559921e+01
5.327941749350608713e-01 5.633563022563923273e-01 4.587130032371548038e-01 8.565167615837410153e-01 2.697493363755538720e-01 8.538056620809777897e+00
5.503502558510735554e-01 9.496480541322231961e-01 8.638784538480741571e-01 6.798654444093799043e-01 3.021773993296161809e-02 4.776601601818510012e+00
4.745148375371384675e-01 1.281336929722676730e-02 8.695860071359345911e-01 1.346472915907348522e-01 9.809563434515512492e-01 1.971325454298354174e+01
7.284003943892889410e-01 8.236643352440841115e-01 9.060166759550088988e-01 4.368389375057102342e-01 9.226637287680705679e-02 5.750564688563076565e+00
6.435030041348590579e-01 5.194187467267319391e-01 7.616419187423384418e-01 9.841110715722294344e-01 3.034547737563275671e-01 9.069901497912129074e+00
2.818832520200580394e-01 7.004720614771655640e-01 6.509325335464920259e-02 1.226737993301014740e-01 1.600953652331185695e-01 6.815195705894496747e+00
6.933281157084463242e-01 1.512810197943043611e-01 8.191805249841584979e-01 6.142242715058010560e-01 7.470501298880060093e-01 1.604083981887057320e+01
3.423387339975014765e-01 8.699538172296954475e-01 4.811437882691675938e-01 4.627697327585984510e-01 6.816098902037509566e-02 5.372656647494506998e+00
6.530470615559105241e-01 5.982573134153720273e-01 7.336656431536956458e-01 1.158651761893825238e-01 2.413346805375925497e-01 8.092839473278633733e+00
1.609555370805410557e-01 6.149352698322027022e-01 6.398536889329843325e-01 3.717066260254870969e-01 2.544100748793155509e-01 8.290848592192309852e+00
5.165511322619178447e-01 4.301423333325394838e-01 7.972390007892911079e-01 6.314812925702177893e-01 3.887818001476931462e-01 1.040847456532040916e+01
6.614855347521295670e-01 7.652191141299010679e-01 7.628741760432137253e-01 1.674582629993928151e-01 1.375807945966081580e-01 6.462579600647554656e+00
5.012567233422648982e-01 7.261048304508131712e-02 9.999999999999998890e-01 8.033463030671335048e-01 8.622940145914822496e-01 1.785101704041008119e+01
2.454380060984173717e-01 2.011040180803844724e-01 5.637317805898331979e-01 6.615977704593056785e-01 6.768771710388484797e-01 1.493154960754691096e+01
4.185082623745209340e-01 2.890245108984405009e-01 1.350792213873466263e-01 5.284868831073925577e-01 5.449860405453945678e-01 1.286113010998279726e+01
4.235472140726438961e-01 4.656419373379250826e-01 1.525085224582123020e-02 9.601012162613695722e-01 3.487131568998298459e-01 9.778197148993287513e+00
2.945457465474400904e-01 6.600518774575926395e-01 7.594235679368738223e-01 6.478454850058437131e-01 1.991746461551339720e-01 7.424231468277967316e+00
4.020508153885311020e-01 6.219235133021420170e-01 7.699076030423934736e-01 2.654055733030773467e-01 2.171150835682860158e-01 7.710697102147411108e+00
5.675336284227976424e-01 1.147280517654355181e-01 6.705641868833044361e-01 7.266477851251842424e-01 8.028548731150880746e-01 1.691584476736770881e+01
4.333668673870876842e-01 2.335049545961174200e-01 2.018198156683150349e-02 1.770976517789524252e-01 6.237534677825039564e-01 1.409910471329080472e+01
