4.112905638960325794e-01 1.527817020515806479e-01
6.312184214388304460e-01 -2.344162998185584865e-02
2.105920894668586452e-01 6.159942929329720318e-02
2.068012230544094832e-01 8.870624007846206194e-02
7.189671248753465305e-01 2.434308547048173454e-01
8.432019955339606909e-01 2.993287039425686635e-01
7.555447866663920209e-01 -2.238903820159590663e-02
1.300308967487099343e-01 4.599279475749756818e-03
2.495287187353550096e-01 -3.322154732772987507e-02
1.174103321208003758e-01 -3.513585164233175295e-02
9.723517889224833066e-01 3.257122437131024784e-01
8.838727058177034968e-01 -6.884368111065436446e-03
3.099288163050907818e-01 2.490417486402188851e-01
5.200612645255806576e-01 -5.465913144599571227e-03
8.133288044215670753e-01 2.486925791911878125e-01
5.159806342582579086e-01 -2.239184414933223510e-02
5.186615794604165774e-01 -1.214496554318642008e-02
5.367924832322986672e-01 1.159163578544692985e-01
9.002816200192141904e-01 -1.584726966831980291e-02
4.556759575738854040e-01 2.134648694365470223e-01
0.000000000000000000e+00 6.920633401258924344e-03
9.548340561195730603e-01 3.207363945049789833e-01
2.809322986239018785e-02 1.802379695257481096e-01
4.896468750345313592e-01 -1.925322515226876585e-02
3.629333445855555396e-01 -3.197473339870940401e-02
7.062212659424983441e-01 2.990930186672050572e-01
6.601224284939126719e-01 5.681528258278656374e-02
5.132323354336225663e-01 -2.885148015791547116e-02
1.900034517702706149e-01 1.955282077430399723e-01
7.665524031019994577e-01 -1.214574165497663320e-04
8.059254102999247049e-01 1.900745620296382388e-01
8.071137887085270968e-02 4.104578791103513646e-02
2.069398915816280105e-01 8.770836284665584071e-02
2.538541824205567399e-01 -2.516430258171650780e-02
1.063629155963501383e-01 -1.762648641623581341e-02
5.297084722595184481e-01 5.837029820494721299e-02
9.351212098947870865e-01 1.810897390324723299e-01
9.740042490461928715e-01 3.195016899924954523e-01
4.378716126131996789e-01 2.690021861138252590e-01
4.318879154371103868e-02 2.159731971050276589e-01
2.234761936416116701e-01 -1.506671877216206323e-02
4.321110066762686164e-01 2.627327257604124000e-01
1.170261178633935362e-01 -3.507575170370112738e-02
2.765895770092275385e-01 1.170206043407431284e-01
4.466511606274892743e-01 2.550203214696198373e-01
8.685442231654197931e-01 1.081001675429679176e-01
6.343663433143251762e-01 -5.794821307407225022e-03
1.978284150409860831e-01 1.509984649035922555e-01
1.000000000000000000e+00 1.186798087685932424e-01
3.235101633440566893e-01 2.013476155376354715e-01
