9.375996984931923572e-01 1.634887093953085735e-01
4.184972671894558460e-01 1.895940510168188098e-01
8.931769137521424762e-01 -2.464276867664985660e-02
9.809095990825189570e-02 -3.391447164159235028e-02
6.049789955230132632e-01 1.168143603958022858e-01
1.421141394881453857e-01 7.830142756356589517e-02
3.151818684380365276e-01 2.421589439947766098e-01
1.715377263041353295e-01 2.305847151732759448e-01
1.721644535912074114e-01 2.314185490548711366e-01
8.579255353510824023e-01 2.348220327779370620e-01
5.630952008232192885e-01 2.707073802606442814e-01
7.497285776348533437e-01 2.533256684863760544e-02
8.756790806858767429e-01 8.119499214953224131e-02
1.968818370099055248e-01 1.639692277225643924e-01
4.858790711491929593e-02 2.120142095633404389e-01
4.787663557985356588e-01 5.984627780617407522e-02
2.288951507767641447e-01 -2.881790653741531094e-02
2.632469109684844044e-01 1.190679619213211304e-02
7.593924362935902117e-01 -2.308331530925913921e-02
0.000000000000000000e+00 5.518564638036738135e-03
8.551883314044498308e-01 2.545353863378038151e-01
9.769604489072272191e-01 3.254930135338623409e-01
4.103768755439941573e-01 1.298716940274222131e-01
3.104523211408253824e-01 2.502237865818418561e-01
1.976370904279421137e-01 1.593335631837110022e-01
4.300927053079729445e-01 2.507757153646260062e-01
3.778445299216336428e-01 -2.582095846462624522e-02
5.039975306800329458e-01 -1.479635793375696541e-02
1.660131651647601958e-01 2.176975919912427226e-01
9.042892982603589758e-01 -1.466817324200964806e-02
9.139503915688447500e-02 -1.474580713975351398e-02
4.571661807401764532e-01 2.179494778754497708e-01
8.294031262149581529e-01 3.113707342202898798e-01
8.569952202001267505e-01 2.417363485758818320e-01
2.549759954646620974e-01 -2.590965350493121266e-02
1.644305358987143972e-01 2.122485277644129975e-01
5.196069228091593217e-01 -1.865686964127982739e-02
9.420527701343718308e-01 2.041375256628650825e-01
8.301346458171308118e-01 3.134103391251361614e-01
9.571943600689548637e-01 3.115715588729630614e-01
2.520923499521194114e-02 1.642666456669674702e-01
3.897529379400826444e-01 -1.283184759042083067e-02
3.802441835311255736e-02 2.108966489815039536e-01
2.228861658931962919e-01 -6.824136539159336712e-03
6.446872306509250361e-01 -2.897760753454555610e-02
9.999999999999998890e-01 1.625348122678175744e-01
4.164201098768214315e-01 1.752197195208742286e-01
9.736390679570671169e-01 3.346569572328251807e-01
7.914128102098431095e-01 3.245072398012124881e-02
9.433677079428437473e-01 2.156660454881707545e-01
8.262265373111592481e-01 3.001118990762464134e-01
1.808346195898557773e-01 2.293604208827494939e-01
6.175114449667267191e-01 1.994031617717309524e-02
4.522504887563442155e-01 2.424948969658854425e-01
2.885523451353484981e-01 1.890047406014092601e-01
1.021576950767387887e-01 -3.422484269455840222e-02
9.046919467972746043e-01 -1.677743515303570937e-02
1.031557795743195532e-01 -3.259706448269113904e-02
1.860591101767156696e-01 2.161013515955462205e-01
7.552224655021892996e-01 -7.363792770768151641e-03
