3.324889467719405189e-02 -3.257790213123588907e-02
7.371717982072309994e-01 1.766028871044567072e-01
1.000000000000000000e+00 -1.831570036353434572e-02
5.044032257071593417e-01 2.112574182722026794e-02
3.980659326013704091e-01 4.211391675868297879e-02
1.942490504737531820e-02 1.010134801124057402e-02
9.096340443342580961e-01 2.654402866695340646e-01
2.211315942521641098e-01 -2.834133360109365729e-02
2.688643238600749164e-01 2.243405488707397866e-01
6.979258290438966617e-02 -8.062844670825575211e-04
1.535970541292812075e-01 1.742387902714093717e-01
4.604853486901381854e-01 2.711861791121035203e-01
3.131717934615435017e-01 1.973613579495100967e-01
0.000000000000000000e+00 1.185545832462323035e-01
8.230568073021886644e-01 5.662750103541430713e-02
2.908849669439889651e-01 2.681514726786996539e-01
7.454532909112880912e-01 2.325454007616915564e-01
8.436230725540239117e-01 -2.688176925675069689e-02
5.165309950696548302e-01 -2.548256350939072379e-02
8.923693302328081778e-01 1.431449316090137591e-01
