4.220601926766741618e-01 2.239909982988871340e-01
6.512038085364179052e-01 2.926570024844260542e-02
8.868985402038505050e-01 -5.180633339726231981e-03
9.999999999999998890e-01 8.776850908237959770e-03
6.114433312306440105e-02 2.012284758986900846e-01
7.714544625340356843e-02 1.188201389633583016e-01
2.549071822635805007e-01 -3.165912804824463911e-02
0.000000000000000000e+00 -3.260938433661507430e-02
1.282946866008367603e-01 -3.034313067958205323e-02
4.876016847193514470e-01 -1.716715488739048445e-02
4.986606118303025803e-01 -2.074551402159574565e-02
1.505398092250204156e-01 9.974278677973852369e-02
9.049325103947409854e-01 1.520825621756602408e-02
8.994299510332298686e-01 -1.513634618525536157e-02
2.540036319807976728e-01 -3.279307931733227433e-02
9.059797036914649659e-01 2.256349547256947252e-02
9.220223620079228688e-01 1.666159819743135428e-01
7.219281184100692084e-01 1.688070280251483535e-01
4.562776918373631641e-01 2.051771498117123116e-01
1.777070765181794909e-01 2.323596308297791180e-01
4.362591355253720993e-01 2.686513783779171938e-01
2.922680119087331385e-01 2.016854706931625607e-01
9.999470919295078142e-01 9.115537303853921136e-03
9.766455005913200760e-02 -1.208738349402754819e-02
5.820631261773858700e-01 2.379123779153486384e-01
7.596524046206842851e-01 -7.963122318573776295e-03
9.995379021640867778e-01 1.177717665704025585e-02
6.433300136970548921e-01 -1.642258573687543910e-02
7.278512600564529533e-01 1.165992745003523456e-01
4.641711792251095869e-01 1.483353459761500570e-01
9.442427804531506874e-01 3.261048655677258323e-01
8.511769422846015010e-01 1.754200278157541093e-01
1.462569016885392759e-01 6.836919290430326646e-02
5.104717362177105811e-01 -2.979528232773578922e-02
4.789423225672445050e-01 3.211740834729592819e-02
4.505091641802608793e-01 2.374739112816659503e-01
1.267709226144729182e-02 2.555766075037158025e-02
9.448450633416670685e-01 3.281083223232373891e-01
4.047635617976577116e-01 9.837599434637483986e-02
4.777825692270972757e-01 4.044908639254157778e-02
