1.845276028947882285e-01 1.250899716226393510e-01
9.498318081708472249e-01 3.354385300805838854e-01
7.457531290412324765e-01 -1.741935736239729610e-02
5.031395983583510922e-01 -4.443260321734532337e-04
7.309060128530255884e-01 5.296305901078907086e-03
1.000000000000000000e+00 -1.856282887924827485e-02
0.000000000000000000e+00 1.157240704571440570e-01
9.408178941704786746e-01 3.351759122675483371e-01
1.366124536953323698e-01 1.634151515854894154e-01
3.205757522309671814e-01 1.021077271485072435e-01
5.981334685932508943e-01 9.336045883489269004e-03
1.095047868986755990e-01 -1.314338657690908296e-02
