4.821592620530399179e-03 -3.641466884520812297e-02
2.958233076365162084e-01 6.561311860686380726e-02
9.501579200122947100e-01 -1.742242609343050419e-02
7.251305443992008826e-01 2.788166178370183323e-01
1.299324284653794737e-01 -1.020763144876705823e-02
8.201134682041627544e-01 -4.942711418504386334e-04
5.879646215692672095e-01 2.500433710862781100e-01
8.320455998486849802e-01 8.637135922798905296e-02
8.751017922053790921e-01 3.191285072447534454e-01
6.690535423620636024e-01 -1.269323107197784873e-03
4.486434930039810420e-01 2.078501361844622419e-01
1.552523555520967380e-01 1.737461101400283869e-02
4.307579814320351974e-01 7.797502457286786814e-02
3.774885895312415363e-01 1.902885122452752098e-02
8.027904584828786660e-01 -8.070078711191502885e-03
9.999999999999998890e-01 3.327857866547785370e-01
5.089144525158274535e-01 4.656567168307085280e-02
6.379788534104484654e-01 9.700943360142383343e-02
1.628365667003036088e-01 6.696307829196890271e-02
5.893770042210153548e-01 2.567298191500876903e-01
5.140957946515829491e-01 1.233684023008319031e-02
6.598398874719105800e-01 -2.825328718425880459e-02
3.112579211305566695e-01 1.753177960848436023e-01
2.457613619486914702e-01 -2.404179700354724947e-03
8.334529915573348768e-01 9.850911608662854535e-02
0.000000000000000000e+00 -2.406299285196280072e-02
6.056783681720530055e-01 2.845221489420504679e-01
4.222088191292613923e-02 1.464176171859114528e-01
1.325156425207603128e-01 -1.232239028567229389e-02
7.522748391359093123e-01 2.598086527093985132e-01
5.919775492582523002e-01 2.674028520078516324e-01
8.203769751627777718e-02 1.690142456907549606e-01
3.461575342581434955e-01 2.236005918578106710e-01
3.660671555678099987e-01 9.896515134728567364e-02
9.546986916291877456e-01 3.906648887710750806e-03
