2.391594558981229302e-01 -2.394988250751323156e-02
2.659443171492564817e-01 -2.852967470539827244e-02
5.564797133044371291e-01 1.632831633202038168e-01
3.954162640728769995e-01 -3.058990804983631462e-02
5.311199054881799997e-01 -1.788298137334209947e-02
5.917301253768078029e-01 2.736168251112208183e-01
6.635587215630638358e-01 -1.206954422154865592e-02
6.859172116318686951e-01 1.558079798857119891e-01
8.314106847041409232e-01 2.727287608162135557e-01
4.656951366313806795e-01 2.334749878184479432e-01
1.728485370484108274e-01 1.963464052091054568e-01
1.000000000000000000e+00 2.511061372082445398e-01
8.618562565334700887e-01 2.785053792499894709e-01
3.922856083297702676e-03 -3.053249904226221223e-02
2.645368202923283341e-01 -3.135094774951294183e-02
8.225872965426981320e-01 2.090919861348211062e-01
4.489774826425269039e-01 2.677073448275190670e-01
3.304172799326902110e-01 2.315936435858610976e-01
8.401620524413654367e-01 3.120036945118578875e-01
7.282265819456515965e-01 2.717311290461965068e-01
7.595661626277989686e-01 3.169085999015625044e-02
2.022412617763267861e-01 2.000692699046903722e-01
3.329089181217340099e-03 -3.195503468525054402e-02
0.000000000000000000e+00 -3.667884951738437094e-02
8.082264899439027817e-01 8.248716998729993533e-02
4.261959822221537686e-01 1.622486840517195494e-01
9.833166376664759234e-01 3.356535131961692064e-01
5.964105036869741250e-01 2.551884353257970472e-01
3.590785008148615898e-01 4.626088178002341067e-02
2.581362315073377212e-01 -2.796853231932713846e-02
