3.465902599187171695e-01 3.650161274188290506e-02
4.228451967588333082e-01 2.311722703721573735e-01
7.782641197098136843e-01 -1.466441757427169867e-02
3.660446929688397355e-01 -2.905729804612302430e-02
1.000000000000000000e+00 1.004159817849691883e-01
3.081045930640967101e-01 2.505830139697123871e-01
8.992614835020930064e-01 -1.911975090465579952e-02
9.886472859454832340e-01 2.064103750460640763e-01
7.532299112962650423e-01 -1.947990971313397213e-02
6.203215828525328046e-01 -1.648885065445104825e-02
8.717231383706473824e-02 3.708400633896102860e-03
0.000000000000000000e+00 4.392786871781295677e-03
7.416637518024189468e-01 4.883416369829990389e-02
1.848191945961264182e-01 2.167090632619382284e-01
3.554193645207252561e-01 -1.407452047375976067e-02
9.626511854212586039e-01 3.396964698801915872e-01
4.510554383705568382e-01 2.348848640544209387e-01
4.765900787516808568e-01 5.328906295498486712e-02
1.579488488476758490e-01 1.872765565788921394e-01
4.798038193770420845e-01 3.022275797997847624e-02
2.035509645265506928e-01 1.117521852755226086e-01
4.396620668021145595e-01 2.679889717504165270e-01
8.044777907206944745e-01 1.904039222244705010e-01
2.617016063296140893e-01 1.213347032156036898e-02
