8.410484465622831696e-01 -4.922994648897469072e-02
4.499357423672004086e-01 -5.979170526893967663e-02
2.721646480070751273e-01 -1.320065946276727242e-02
5.429491203892069517e-01 5.066534276490253230e-02
0.000000000000000000e+00 -6.359639145863835163e-02
4.609527166666210762e-02 -2.426679088405520046e-02
1.000000000000000000e+00 7.316703566627896782e-02
2.319952142762433112e-01 -6.500768822177321882e-02
3.596160869535683369e-01 -7.764136421128720045e-03
6.738171519881337446e-01 -5.709138933573514041e-02
