1.839886065093838396e-01 9.999999999999997780e-01 2.501735578756391631e-01
7.372186863469337714e-01 3.185070239062160469e-01 -5.385889006803423751e-04
8.306556581371271619e-01 7.139914569715496429e-01 1.539360586094429273e-01
8.777089018796713216e-01 6.755156966229301785e-02 -2.655046933878873333e-02
0.000000000000000000e+00 7.367626552248391913e-01 1.022070538864290334e-01
1.000000000000000000e+00 4.051802838234916937e-01 3.153323346817971107e-02
2.495104082427764547e-01 2.002502328820183197e-01 -2.896717804985897426e-02
3.090800209181303604e-01 8.055194448528517626e-01 1.586579757185205830e-01
2.310248494256671170e-01 5.713594279121525510e-01 5.375567198688790960e-02
9.852816709599490075e-01 6.736220111589956705e-01 1.440957111322939688e-01
4.185373772937084347e-01 0.000000000000000000e+00 -2.271216172092308666e-02
4.048262543394409718e-03 7.933857151611216629e-01 1.268725752418778940e-01
5.483184438605201994e-01 3.133433386927395592e-01 -6.626854013370514496e-03
9.810258870519410479e-01 7.391345996914240324e-01 1.786879511211336147e-01
4.709983815617918568e-01 9.132702704727797549e-01 2.316304220440502104e-01
1.581783064451740828e-01 8.200835656763548753e-01 1.525697961963288218e-01
