1.675372276006213135e-01 6.530350377312235111e-01 5.929100385870444967e-02
2.016172712753402929e-02 4.510993917927132446e-01 -9.251325472189431132e-03
2.364122146197362717e-01 7.460293916996565411e-01 1.032073391609978907e-01
5.714917211006534936e-01 5.291905352838436327e-01 3.773413640723399798e-02
9.723725789124484375e-01 3.262999705133370343e-01 -6.319652962532673612e-03
4.436848242615529792e-01 6.944029556917151735e-01 9.634169209844578585e-02
8.495619911018941206e-01 6.117002670249026552e-01 8.665410950189655903e-02
4.930194707303633961e-01 9.458508552467819186e-01 2.357206263525326029e-01
8.666228507079230814e-02 9.091565027921627573e-01 1.680314733588113008e-01
7.092039205396404311e-01 5.457366519745360245e-01 5.091415243117847211e-02
4.424126438627719593e-01 6.728866752229184511e-01 8.669473446791575721e-02
6.420702111890227992e-02 9.977623678148653807e-01 2.133840356262405868e-01
6.038900752883297196e-01 9.663724070963496393e-01 2.620649954336767840e-01
3.668776427529573669e-01 8.363206798309197332e-01 1.593245644482083612e-01
1.000000000000000000e+00 8.265105000712797967e-01 2.157087996805398533e-01
6.668814908038116496e-01 3.722667803896010930e-01 -4.387463336400887481e-03
1.860161689370351812e-01 9.088145134032454830e-01 1.789672868396592897e-01
9.685531903487474281e-01 2.413666394263731529e-01 -2.098087668414411189e-02
9.410745852999992112e-01 3.623036157586835837e-01 1.317808974215850526e-03
1.902067271564477080e-01 9.452088505500569893e-01 1.994243403113791224e-01
7.287584009280362318e-01 8.576480147280444166e-01 2.078852143361412663e-01
8.515427425896527902e-01 6.473576549149360204e-01 1.034980465772328828e-01
0.000000000000000000e+00 0.000000000000000000e+00 -4.946342260102123273e-03
7.227272569195760665e-01 7.775261507563324681e-01 1.609074584624343163e-01
4.829318967155985520e-01 9.962586775213385648e-01 2.662048042779514012e-01
3.708124219298759017e-01 7.828580335885068076e-01 1.322929703180226735e-01
2.109962765897382964e-01 9.911825121923708570e-01 2.283579668178679634e-01
3.393257157496949450e-01 1.000000000000000000e+00 2.501052252177862756e-01
