5.031395983583510922e-01 3.928521998844083374e-01 -6.165093792189865751e-02
7.309060128530255884e-01 3.843044224840095890e-01 -5.638430222466275787e-02
1.000000000000000000e+00 2.337054765193573858e-01 -5.109441238611729663e-02
0.000000000000000000e+00 8.078324641051831678e-01 -4.093075489241670972e-02
9.408178941704786746e-01 9.946621301864805309e-01 8.540364169877351364e-02
1.366124536953323698e-01 8.769289558647946903e-01 -1.763684685100647132e-02
3.205757522309671814e-01 7.134444841128980697e-01 -3.667914461444071739e-02
5.981334685932508943e-01 4.171973082061368743e-01 -5.835968384065925996e-02
1.095047868986755990e-01 3.988095112382445961e-01 -7.141019958531896750e-02
3.553393565059516090e-01 0.000000000000000000e+00 -1.095038107823191088e-02
1.743366713909993149e-01 9.156604622985669018e-01 -5.928623290454793082e-03
4.443527263356353285e-01 8.289094714649629658e-01 -5.400325139783501704e-03
6.909489460329427679e-01 9.790036941551131244e-01 5.685090568682760193e-02
8.487705304753275781e-01 6.606052951818618402e-01 -1.771311664847352585e-02
5.510270162923646131e-01 9.999999999999998890e-01 5.064249591524017102e-02
