6.372220692275826215e-01 4.162088310466547508e-02 -2.285314144213295567e-02
6.068784092436967370e-01 7.154105758829784056e-01 1.273822158524693937e-01
4.187251000802472145e-02 9.606071286611818083e-01 1.931474291201433213e-01
4.408704665787798738e-01 9.951943320223785028e-01 2.652692939547514062e-01
0.000000000000000000e+00 2.489523095859476343e-01 -3.479074525642823768e-02
2.861438832964241508e-01 7.667881229829682788e-01 1.235632757314419905e-01
9.608804680016079791e-01 9.884595594592197054e-01 3.303376962907696446e-01
3.310500855881722271e-01 9.174627018239315257e-01 2.055396870288644373e-01
5.695621778911045263e-01 9.895782386600650016e-01 2.789568340987272355e-01
5.546459432608821238e-01 8.709841947138576845e-01 2.050456592916949372e-01
7.353135300384374684e-01 7.508135761935222918e-01 1.566517588262782978e-01
1.305534035400641724e-01 2.492616560227402800e-01 -3.210306676131548242e-02
2.332158560846371576e-01 3.443329527028696768e-01 -1.764498241622641794e-02
3.252029517295504935e-01 9.651905466274078860e-01 2.320208388762285967e-01
7.859423369624284339e-01 3.135652451233368887e-01 -7.355179735276606845e-03
4.067659347648052148e-01 5.877607311546482194e-01 5.749046806732377446e-02
8.055737056926098871e-01 7.216880206068514436e-01 1.473909927760799765e-01
8.488206814018988133e-01 9.551535751696228482e-01 2.925837423309064489e-01
6.411514185766303831e-02 9.652331071901000259e-01 1.984474517074294453e-01
8.830612855411352768e-01 4.101985920938800989e-01 2.078888954402249856e-02
5.788722621944464297e-01 9.968287763609952057e-01 2.848793927138796311e-01
5.587444868846774826e-01 9.161780401317738409e-01 2.320220971962231871e-01
1.778402237882222708e-02 6.393909935129589162e-01 4.972362633569660240e-02
1.472382836080751711e-01 6.184688707353639403e-01 5.148034172149013044e-02
1.646591484159531660e-01 8.901110411081580853e-01 1.714062087668229428e-01
3.726118211445597073e-01 1.298830935004516296e-01 -3.177367688674916785e-02
8.388565253769300067e-01 9.987056373291275380e-01 3.212236099612815754e-01
1.986465853612071064e-01 9.347928650250898475e-01 1.990123977009964351e-01
1.005942246794621492e-01 3.924994675262086785e-01 -1.335785070712217082e-02
1.000000000000000222e+00 6.889926677185387316e-01 1.460693787054246906e-01
6.809292806496274331e-01 8.145892757544299645e-01 1.863994180161037129e-01
1.419967230985037243e-01 5.113874478455139316e-01 1.693171989662323185e-02
5.798456001938774307e-01 9.945538045262461990e-01 2.835383208377468267e-01
4.064972157399713293e-01 5.823578753271287933e-01 5.546155867772700754e-02
7.389533106963622755e-01 6.883727716963388144e-01 1.249263315970826071e-01
3.634309204966713058e-01 3.519360487687695493e-01 -1.216683504144008832e-02
9.406555077095765105e-01 7.947114455230102070e-01 2.006834081721923235e-01
9.646056389864968716e-01 9.983466694952970455e-01 3.379546549735978345e-01
9.410772293046626435e-01 8.009951091895056718e-01 2.044813734973828234e-01
2.581483593641628049e-01 1.773212916228079084e-01 -3.336434958461652334e-02
9.815683531543708540e-01 9.375885008977695723e-01 2.971854462780050277e-01
8.123482732536674300e-01 8.269863933614011176e-01 2.069926484157304514e-01
8.681329665132329065e-01 7.124076143175770426e-01 1.477727928506812338e-01
8.194364350680590769e-01 9.122820478104054498e-01 2.606422776904172012e-01
7.071332426603795795e-01 9.999120604511669841e-01 3.042385903361953803e-01
1.718033268850117645e-01 9.563071996658257801e-01 2.073907626255135361e-01
3.455267691998404889e-01 7.200690051938579694e-01 1.074711975060540503e-01
4.969345702753288907e-02 9.962377258271107872e-01 2.132492998467159229e-01
7.342930338505311572e-02 8.801512949618279791e-01 1.560341733795461150e-01
3.165673325092032697e-01 9.988754898959401052e-01 2.507558409116004694e-01
6.863265311292603421e-01 8.844715581211164412e-01 2.277892940340073835e-01
8.888356892577891077e-01 2.751951832467447456e-01 -1.224128262438459180e-02
9.680722220108367582e-01 1.000000000000000000e+00 3.396201720225782705e-01
7.070748755493952986e-01 9.999496283911161187e-01 3.042560140960521298e-01
2.789532280662566643e-01 6.410649256531891771e-01 6.915191453822283618e-02
1.546562536860049963e-01 7.515475737688127600e-01 1.046678434759173992e-01
6.345386465475367777e-01 1.088273092434077494e-01 -2.881487566276226542e-02
9.299808288554226587e-01 6.086628621016705321e-01 1.005815764465756157e-01
1.022841748770269288e-01 3.534631554242969598e-01 -2.024986575184919979e-02
4.800257295776592659e-01 6.487357631101738908e-01 8.690784350171015804e-02
5.648008418616086157e-01 9.656997881187304733e-01 2.631713548716238527e-01
7.831252115359221833e-01 2.460848317484392311e-01 -1.921733338474386488e-02
9.273042898358610509e-02 5.635664922876904015e-01 2.968712800483180869e-02
1.107035312209274230e-01 1.504061970894108591e-01 -3.503950947591782245e-02
2.528136095171685804e-01 4.440665782937334299e-02 -2.460822732237713875e-02
7.365812907355547834e-01 7.297365996347382477e-01 1.456740223571086901e-01
2.420558993864630748e-01 1.302635733242231142e-01 -3.302336209773327341e-02
3.339061861519831420e-01 8.871390027980878834e-01 1.891953918355160358e-01
7.694163933183668647e-01 0.000000000000000000e+00 -1.489639015777425787e-02
8.488425777214338996e-01 9.549931299083967984e-01 2.924780502449486064e-01
6.075756576985481550e-01 7.032501825331585188e-01 1.215416565307472219e-01
6.176270976359277132e-01 5.062663122319762676e-01 4.024545046416933003e-02
9.184795799435286900e-01 3.604041468230609890e-01 7.768348700517430094e-03
9.502072941948629392e-01 9.145965562106311841e-01 2.777208694564002878e-01
7.517149034187845524e-01 4.283924568495004470e-01 2.106002756391392450e-02
5.711394721635698613e-01 9.944984686259833451e-01 2.823332996139065187e-01
8.300979259195213622e-01 9.875283964366786682e-01 3.122822049740937578e-01
3.923002297276924621e-01 2.653232050889079430e-01 -2.496698874020943093e-02
6.789692539920777481e-01 7.855451907813010282e-01 1.701232639387551537e-01
9.992486719516342486e-01 7.023494239980504483e-01 1.532264968705467911e-01
