8.410484465622831696e-01 3.130315393410182945e-01 -4.922994648897469072e-02
4.499357423672004086e-01 1.956768785791329623e-02 -5.979170526893967663e-02
2.721646480070751273e-01 7.450275467680962382e-01 -1.320065946276727242e-02
5.429491203892069517e-01 1.000000000000000000e+00 5.066534276490253230e-02
0.000000000000000000e+00 1.849415615787464162e-02 -6.359639145863835163e-02
4.609527166666210762e-02 7.322531066314279524e-01 -2.426679088405520046e-02
1.000000000000000000e+00 9.899596920198618921e-01 7.316703566627896782e-02
2.319952142762433112e-01 1.466720649900417617e-01 -6.500768822177321882e-02
3.596160869535683369e-01 7.562172136736833306e-01 -7.764136421128720045e-03
6.738171519881337446e-01 0.000000000000000000e+00 -5.709138933573514041e-02
