6.173380067786564396e-02 2.018156916001347945e-01 -3.531853108459061252e-02
5.875574772073796082e-01 3.715433296031653843e-01 -5.833525872207340202e-03
6.824348647630991138e-01 9.603724456769782147e-01 2.782628095077126495e-01
5.683470023319578956e-01 7.406135027285090100e-01 1.339272252435186328e-01
8.121017281761835349e-01 9.809147563238561629e-01 3.091247853456630112e-01
7.598788056090585163e-01 5.103417226278882390e-01 4.272893233165464544e-02
8.988996737624757039e-01 6.207781908785577896e-01 9.814988745208347298e-02
6.134618545101884202e-01 2.249223837999990705e-01 -2.736587735564796620e-02
3.567713569657610106e-01 4.461120363090590457e-01 4.487986236750729496e-03
1.463140420051099455e-01 9.765981839348562010e-01 2.208411571491741832e-01
9.206232042798893067e-01 9.255169248989828512e-01 2.829428615582940676e-01
0.000000000000000000e+00 9.962300849010942150e-01 2.132065025007607306e-01
9.908641451985332749e-01 2.981890509133453548e-01 -1.094575274416109689e-02
9.532104242443888154e-02 5.527148278274527371e-01 2.307272464117887667e-02
9.999999999999998890e-01 8.703698716115026990e-02 -2.196302764198280674e-02
3.959655659425485585e-01 9.832833326945421559e-01 2.570507923286563523e-01
2.857572317330169254e-01 9.355061371515217550e-01 2.138796595026674630e-01
1.065561460843462982e-02 9.869489696167823567e-01 2.093256407467157798e-01
4.563649111510159617e-01 3.241315533663423065e-01 -1.866440069766583942e-02
2.713077045608223714e-01 9.999405409930904876e-01 2.512830635161200643e-01
4.937185432039434829e-01 5.206744930895267354e-01 3.335373061484642188e-02
1.073306075400188991e-01 7.636838479277433533e-01 1.052862297168564165e-01
1.800672148305082487e-02 9.442065416340510442e-01 1.864819716418121831e-01
6.991709798661906172e-02 1.002401814345391801e-02 -5.039348761035844504e-03
5.937876172078851988e-01 2.315110294371865718e-01 -2.718051507191568406e-02
3.996950690265989592e-01 9.955520552863549311e-01 2.654472108647364936e-01
4.424050558910711528e-01 6.127374650950692114e-01 6.519246487849900129e-02
4.650050342026281758e-01 1.258217615056109739e-01 -2.837388073344359468e-02
7.079206994625456550e-01 6.340571181985947824e-01 9.186863116097976345e-02
8.400453511799458317e-01 6.558916923188023995e-01 1.115432987659792929e-01
3.714209185285224368e-01 7.229746576814258807e-01 1.087981121500254389e-01
1.680016165209204937e-01 7.459562226181312150e-01 1.024919500736220512e-01
9.354434913225173620e-01 9.993854811064780685e-01 3.388856979942284076e-01
8.548011003340471037e-01 3.589695210232621281e-01 -9.396596677268831410e-04
3.519709528510199525e-02 7.375512475765999554e-01 8.752824455640850765e-02
2.505776395034696458e-02 8.765802171377660157e-01 1.516633060628770346e-01
2.174239051305823511e-01 3.150790592514416955e-01 -2.574128801303174341e-02
5.508698900256140396e-01 9.478753708603600003e-01 2.536770841629025219e-01
3.841619376727807289e-01 8.951524850768134423e-01 2.015309915148775222e-01
4.888625228207870155e-01 4.196398863903030851e-01 2.566923026917300454e-03
9.584509938415645136e-01 8.760828917862798493e-01 2.529049943480076723e-01
1.005362571167880831e-01 6.508312438035528391e-01 5.745533969229799087e-02
9.280635622159139064e-01 9.774908476163244320e-01 3.215146687783245194e-01
1.033080133241494752e-01 6.990595701874382506e-01 7.684358365308607830e-02
3.454710957922860204e-01 1.944714324852913900e-01 -3.194394088140971311e-02
2.058478648245173348e-01 4.727038906136099561e-02 -1.648077310943862200e-02
3.785877246675602992e-01 8.289428195520645026e-01 1.634886241496402159e-01
5.363530216586103183e-01 9.999999999999998890e-01 2.864518654391979835e-01
5.615901419667742589e-01 8.379020553262759297e-01 1.870084329367652787e-01
3.050542114064710431e-01 6.847519422854185800e-01 8.616184431712758940e-02
7.438661046651534603e-01 1.570169150803349678e-01 -2.788268217610671146e-02
9.052531897076587786e-01 7.309094612298923099e-01 1.568490401174354454e-01
4.168081410419967603e-01 9.532013673796170261e-01 2.406084098359330126e-01
6.883314157798617883e-01 9.123849285884170213e-01 2.468727384369970301e-01
1.478871203061737916e-01 9.679217374831996512e-01 2.159590906885499040e-01
5.165613464688554313e-01 8.850840045490065977e-01 2.102759619796556456e-01
6.494633384928533149e-01 8.802738638183974507e-01 2.219278142501164841e-01
8.497658590206760287e-01 4.670840520641075799e-01 3.115130702716831235e-02
3.469222530158244111e-01 2.279497640622356325e-01 -3.103630274187640925e-02
4.098951023363806012e-01 9.897192509252207282e-01 2.630049684965985457e-01
6.452432983273869160e-01 8.287354182618826837e-01 1.900576856181580010e-01
5.936439385520314582e-01 2.348088375582045306e-01 -2.692918388124274087e-02
1.149706042819013535e-01 8.670711636713218651e-01 1.564815313646985562e-01
8.791356550206376186e-01 2.019210930522691294e-01 -2.537346396696039952e-02
4.232223224230699521e-01 8.966728842934287291e-01 2.068208711290542290e-01
6.766109706169605165e-01 9.895671672732299085e-01 2.977088498707014530e-01
3.371806890585264949e-01 0.000000000000000000e+00 -9.214029643206722358e-04
5.151673450127581821e-01 8.692942990556000726e-01 2.006505726520088073e-01
4.863073115018119452e-01 3.641753255245329668e-01 -1.043728662148954434e-02
3.211047324907832512e-01 3.667501560549509820e-01 -1.479028724911166104e-02
