9.780422905776827713e-01 5.791658527293656045e-01 9.089006756964623790e-02
2.205951398431032218e-01 3.292341643764319925e-01 -1.977416378959057086e-02
8.844943407117595857e-01 2.643516812941186234e-01 -1.423781027652171183e-02
8.680193095355351884e-01 5.074981710439718102e-02 -2.249983252538027487e-02
9.561383274174238833e-01 9.111963330447312437e-01 2.793128891771363698e-01
4.484131415285377287e-01 5.034041111991128803e-01 3.171540876145778620e-02
1.490784040208492367e-01 9.675717917682961078e-01 2.165224838295828347e-01
8.113649546744221563e-01 9.888965534893322529e-01 3.150081647529275330e-01
9.681660458311639461e-01 7.554006667423726062e-01 1.821570217663937008e-01
3.267498033143018121e-01 2.416342263206633090e-01 -2.834429006514689597e-02
8.950254628051371175e-02 3.802331153234430605e-01 -1.500592449184737220e-02
8.320438282874068059e-02 2.346973624977727602e-01 -3.337040377111015477e-02
6.792095022378220603e-01 9.842544642007690081e-01 2.946503813030388330e-01
1.274300288696290362e-01 9.650914721467177548e-01 2.124047589767358857e-01
1.764878802327254637e-01 6.087739677781756065e-01 5.234914657253170178e-02
6.698027899528140594e-01 9.988958188612210298e-01 3.032795174373131841e-01
2.844433237469546905e-01 9.540981154996508451e-01 2.257779971963309040e-01
8.990719079091609167e-01 5.819426472952987650e-01 8.731526680775192339e-02
5.133055170512027532e-01 8.221288187051910556e-01 1.769306035004874489e-01
1.831117738655811400e-01 4.743272704217658120e-01 1.024832240571543762e-02
2.570904694037210447e-01 9.381360131285820803e-01 2.132850587012659060e-01
7.941722358831099227e-02 1.440416219424627831e-01 -3.452825171582302177e-02
9.938352544358352025e-01 2.323602294081046071e-01 -1.716918776520497125e-02
1.900785292854972885e-02 9.447150014897103265e-01 1.879365579401657826e-01
1.254832839699135394e-01 9.517556245222389411e-01 2.047947987294432282e-01
4.046748453960563596e-01 1.000000000000000000e+00 2.688801836937059764e-01
1.100571372367344092e-01 7.753047259470233765e-01 1.148436196303029289e-01
1.063927366032006161e-01 7.165031582442320524e-01 8.904813254814653023e-02
7.765828373543269825e-01 7.727415557757886244e-01 1.747917081740125722e-01
1.235592354093273393e-02 9.849291130510268166e-01 2.086110439717666076e-01
2.033965943223363382e-01 0.000000000000000000e+00 -1.425049307422694353e-02
2.615261416696742502e-01 9.697087116537314033e-01 2.319849960751220186e-01
9.358456194549886753e-01 9.980429239622657933e-01 3.378714417231867828e-01
2.001510405171244289e-01 7.944854234034839924e-02 -2.880019121643523014e-02
2.745842129087242567e-01 9.978070633049321847e-01 2.503159290998707709e-01
4.568595896497880116e-01 3.170458750304343543e-01 -1.531788043593326765e-02
5.505144098495426963e-01 9.583695576950884698e-01 2.614390252075080578e-01
7.969371667080810129e-01 9.806144654402818572e-01 3.073874821070534114e-01
8.627138524900895833e-01 1.794744670695674893e-01 -2.495461443952641523e-02
9.999999999999998890e-01 8.391807623184166509e-02 -2.482468071268423976e-02
6.914846722723205774e-02 2.230692804697533699e-02 -1.983453424503254375e-02
0.000000000000000000e+00 9.924973437003269394e-01 2.111251612881006601e-01
7.994921825149390315e-01 9.908186997954094855e-01 3.147976730071507800e-01
5.972764756557734644e-01 1.496246332477712826e-01 -2.929369016736779741e-02
8.574694015097653055e-03 9.966002978554536762e-01 2.144999617980580253e-01
