4.342781380513023315e-01 2.881208054482093384e-01 2.792516312402454348e-01 7.867837385949716378e-01 5.381138025424749838e-01 -4.773742715988404939e-03
7.039032967567884214e-01 5.030941562177387860e-01 4.736967743187096569e-01 8.135600637063973295e-01 3.219805824488961021e-01 -2.388725553128523416e-03
1.722550156475465832e-01 8.645666501024714679e-01 8.601737318626598849e-01 2.687095045217375855e-01 7.351843621842613086e-02 -1.339024967479662820e-02
1.111179273714351101e-01 4.879656476671925813e-01 4.258828259384201953e-01 2.390428899458623135e-01 3.136582481416375079e-01 -2.473192275291857811e-02
6.217971645195335961e-01 7.184083284724757101e-01 4.136303241631197336e-01 4.183173203248582439e-01 1.599293743929501299e-01 -2.295140381560756282e-03
2.612938432265373145e-01 1.402405274688686421e-01 2.388396071266969678e-01 7.463914284898667262e-01 7.704264754214567024e-01 -1.323164579651248118e-02
8.580168908903502700e-01 1.581976760551659922e-01 6.971211216324194604e-01 2.185753615808501138e-01 7.222902501870902547e-01 -2.117868165957048632e-03
1.782062057711666370e-01 5.918030959591176199e-01 3.249492087861741707e-01 8.858987959359136966e-01 2.665040055633468019e-01 -1.462114802750846820e-02
5.815367425813356972e-01 8.422867472505658482e-01 3.186805614967411771e-01 8.792695486505532898e-01 7.844816785695107875e-02 -4.591625326639814375e-04
7.914470608966547305e-01 8.831032577963435215e-02 7.990399516788352363e-01 7.642731690583381976e-01 8.374843301232444137e-01 -3.034089888199531515e-03
7.897063898339343746e-01 6.283974608392973726e-01 9.876095180910989813e-01 5.946061164126934528e-01 2.260242044347756107e-01 -6.461677253213338190e-04
5.240926087321082782e-01 6.546225162325944313e-02 3.365116835377239268e-01 9.610310390074499054e-01 8.674714157190610564e-01 -4.245636516550632678e-03
3.210892405329495713e-01 1.563035714379072127e-01 1.416349222175112554e-01 5.456153370148015824e-01 7.232190882663005471e-01 -6.420196517829879213e-03
9.869954171590695768e-01 3.267573912610089448e-01 4.934621959968443772e-01 1.722660991984756862e-01 5.073256140329995834e-01 -1.319413003784575267e-03
2.468713043410856733e-01 8.869736853368553886e-01 6.112570655154083710e-01 0.000000000000000000e+00 5.380043626037400717e-02 -7.506365959102367924e-03
5.370098781884896644e-01 9.142530903459401559e-01 4.962639108406440291e-01 5.144461419744672526e-02 5.674525405273672662e-02 -1.373148626210074497e-03
8.370229188277097943e-02 8.101998475619984763e-01 6.035887169359738236e-01 6.681474000175402495e-01 7.177676848584019220e-02 -1.305761653451753546e-02
9.098248805435979469e-02 8.717374433350107976e-01 3.888199604446117563e-01 6.253104195562997347e-02 5.704283143077110152e-02 -2.404512946973902388e-02
8.961795633995468524e-01 6.688729104095704203e-01 3.742413860580453555e-01 5.995013371915902667e-02 1.857139817347295829e-01 -7.968356746399507529e-04
3.162947348969016303e-01 6.988960594632849244e-01 5.447876159870621571e-01 4.590268530215357856e-01 1.569243639774385302e-01 -3.601607324309696878e-03
3.553429359059488979e-01 4.628920318081537477e-01 8.463274105709610584e-01 5.552211393949146867e-01 3.728984147535234217e-01 -4.879299947567972140e-03
4.842275053484107472e-01 5.709718952229058120e-01 2.642651777141668545e-01 4.758651816198931073e-01 2.633340523085599405e-01 -4.013974710062484519e-03
1.720724992893254424e-01 2.716135836188914854e-01 8.935070164597134212e-01 2.905194554477859015e-01 5.891639409089617363e-01 -1.981295047345987825e-02
9.094796916965210976e-01 7.568679303507445111e-01 9.807006053975426685e-01 3.272345963478890951e-01 1.310030872528294976e-01 -2.035343414599211087e-04
3.170319491680401169e-01 1.751613672683063339e-01 3.511569441758095045e-01 6.689438320452438802e-01 7.158565435495802820e-01 -8.977144824381610988e-03
3.314815224224563206e-01 4.705954973608061365e-01 4.846587254870644845e-02 8.811174957842560218e-02 3.463726148370425695e-01 -2.799404695219109840e-03
5.660912412311949193e-01 9.115338472563251360e-01 9.575547817068134904e-02 4.009958711165282352e-01 5.725237226344848107e-02 -1.671632861577343476e-03
6.575404205009662828e-01 4.871073789531871201e-01 9.416472817413856777e-01 1.789660657492344598e-01 3.372446252070213091e-01 -8.019088489703563027e-04
1.250308354246870146e-01 9.087110040087105212e-01 8.108330334628836011e-01 4.622023903636272024e-01 7.506801415952740753e-02 -7.242037253758049076e-03
8.623883687579922963e-01 3.472648917341050745e-01 3.198525111286065203e-01 9.024172203504896572e-01 4.809588964454531435e-01 -1.976657691066918687e-03
4.350117514197606727e-01 7.735717138209722288e-01 6.511206514342848806e-01 6.922294331516223309e-01 1.263273341886771983e-01 -5.155599425235024569e-04
5.421756693552284290e-01 2.335242762569382860e-02 5.952261175753574829e-01 4.032756000665855822e-01 9.421547357601545158e-01 -4.932909341111013646e-03
7.333529801644207424e-01 5.868227220314866655e-01 9.932603687604205644e-01 7.957582604445754271e-01 2.583881256442402408e-01 -8.351763717442395318e-04
3.686282332699351572e-01 9.154669568856049766e-01 3.647070887065436140e-01 2.489356647542066980e-01 3.508629234232352179e-02 -2.227658807053778389e-03
3.063085662311535451e-01 1.002025444205720678e-01 8.371242133646062955e-01 5.422841749748279483e-01 8.046838160656624162e-01 -8.963880651570832470e-03
8.198075332483167887e-02 6.600875260562898417e-01 9.462149361468357167e-01 3.365566226845473352e-02 2.002467989668744730e-01 -3.299046578769981863e-02
2.540867669289437192e-01 8.810827911448247951e-01 3.511017061978564668e-01 5.594637413727454600e-01 4.774264228927260767e-02 -3.964504727814954776e-03
7.614029619043531927e-01 1.712745509927704468e-01 4.825688404325356728e-01 7.723341214880345973e-01 7.093614876754348320e-01 -2.918007417461510045e-03
1.110929820432206283e-01 6.050434073898979248e-01 4.369018632531876944e-01 7.696011274621739062e-01 2.106736759588456742e-01 -1.538417557720705986e-02
2.571805825081720509e-01 2.208960639588024022e-01 5.530165698759738069e-01 7.737046929185371624e-01 6.356785409870280290e-01 -1.554912638464500674e-02
6.110137663292014576e-01 2.374858506282704618e-01 8.757054485247052489e-02 7.285274590331347611e-01 6.206652065247448835e-01 -3.667924321387516784e-03
7.323671138459703078e-01 5.028399458649683851e-01 9.597348651965991184e-01 4.003701333007825269e-02 3.275584762738859568e-01 -8.099781993884391795e-04
3.886567389625968927e-01 7.145912438217248974e-01 4.304396036660149694e-01 5.270453812710051977e-01 1.726699355809614422e-01 -3.050069315414738469e-03
8.211307248702317541e-01 8.953041543687964565e-02 5.049091512934859027e-01 9.348157747493512915e-01 8.294272405986067298e-01 -2.611264127676093949e-03
2.221109605198951509e-01 6.889306585268122340e-01 3.990939598971853797e-01 7.832527086261666938e-01 1.612220740584605072e-01 -4.527723500236113807e-03
6.798276421071781650e-01 9.210768957715972927e-02 1.904385566670223351e-02 4.505563906722294121e-01 8.378298090744182858e-01 -2.623510590588296054e-03
3.060327716570144796e-01 2.408273566243844810e-01 1.229058092006077990e-01 1.543809915246026065e-01 6.223493271159266094e-01 -9.545739254939178409e-03
8.693510439444390725e-02 2.943955247970507227e-01 7.481209432562826445e-01 7.567498131905647796e-01 5.376817127471869018e-01 -4.885893236248328719e-02
4.055034504547555541e-01 6.062950976797329972e-01 1.319288737164337200e-01 3.536829725790582302e-01 2.445914987015557762e-01 -4.665550460922318621e-03
9.396223194330179940e-01 8.178642998430213362e-01 8.291169560412086081e-01 1.526766125209206848e-01 9.452091400448303649e-02 -8.968321658153755038e-04
9.561209370239245331e-01 7.097561734964927815e-01 8.439258291827675951e-01 7.396063643116566055e-01 1.693814165446411724e-01 -7.766810757177111668e-04
5.182842090375007205e-01 3.277929371435310546e-02 4.972539271646629899e-01 7.717362753990499868e-01 9.308783220908549705e-01 -3.927348604786828901e-03
6.337527825097832856e-01 2.162009302941134137e-02 2.937623459683000315e-01 6.744532113295331754e-01 9.462057823070080254e-01 -3.639538959959054409e-03
4.784605588334202020e-01 2.719663704865865061e-01 6.778701838743076413e-01 2.382964622204681859e-01 5.633430174216234043e-01 -2.792667304412077556e-03
1.955653989033998563e-01 6.092481365442224961e-01 3.850070253105333795e-01 7.059930505659046673e-01 2.362154833961996325e-01 -3.481999452128903272e-03
4.750339117685550283e-01 3.695890189284742888e-01 4.259029627343398072e-01 5.668027630269811823e-02 4.645726553871062925e-01 -3.678587137445177291e-03
2.972687644665172879e-02 2.808869775289999371e-01 5.231195704372825217e-01 1.842843256895019266e-01 5.183374556622131202e-01 -6.981712998670097647e-02
6.566022310608804480e-01 4.750911884984890254e-01 6.982852835542995296e-01 9.993229115379467231e-01 3.439223753209579848e-01 -2.680834772924356457e-03
4.644203451740355204e-01 2.945965706140213358e-01 8.255192500691638235e-01 9.696284836123094664e-01 5.525675843429402878e-01 -4.666190514850399040e-03
6.440183738546244596e-01 1.303438384513213588e-01 9.912394823964537638e-01 8.860657959768829528e-01 7.775310043716776587e-01 -3.337284296833331609e-03
3.826660649244771339e-01 1.017905475032151452e-01 5.963763433663511471e-01 7.494705097043468101e-01 8.267756141760254085e-01 -6.959847430362486875e-03
5.486950223058717491e-01 1.607551758771051664e-01 9.758530326945638045e-01 2.989558266221603589e-01 7.180843669037555443e-01 -4.763012175301284401e-03
9.982012163071374289e-01 3.015363956476819762e-01 9.325598170159717926e-01 5.520414447153374482e-01 5.380195016632398630e-01 -1.322707729961791756e-03
7.080892644215074361e-01 3.303284573825678305e-01 6.703325402527756660e-01 4.696351647890626424e-01 4.950670644377921925e-01 -2.582971935714439837e-03
8.091137013217369889e-01 8.900361080831046268e-01 2.105740734696867622e-01 7.863449000852611448e-01 5.568619755824999462e-02 -1.690829922793568585e-04
7.013707276651858225e-01 7.756983696476195123e-01 9.545769712098186588e-01 9.441043815931777772e-01 1.167810949184971969e-01 -4.672599160304713450e-04
4.570161639949349430e-02 9.359765995003249683e-01 1.294731852865173283e-01 7.161668502432938510e-02 6.993318639115647661e-02 -2.962209157329098730e-02
0.000000000000000000e+00 1.440518809302430980e-01 7.257903613062783865e-01 9.340504620473577546e-01 6.938218001771518928e-01 -1.505549928286793460e-01
2.629883034773130568e-01 5.982789006299542578e-01 1.786184797673798230e-02 7.696572084915356271e-01 2.350168216442768965e-01 -9.703887430381641366e-03
9.560272079374232401e-01 9.639122742626876628e-01 4.942742585305782976e-02 5.609896643246905512e-01 1.931919459681158413e-02 -2.976478425811279749e-04
6.547220316712352162e-01 3.366848873701756562e-01 3.494546171051151617e-01 3.452922396545954342e-01 4.940388067019657048e-01 -1.296158217270360069e-03
4.722568176655620453e-01 4.284493219344447379e-01 5.567344217987991728e-01 1.910697405325620934e-01 3.839006881779143954e-01 -3.625438122366375637e-03
1.000000000000000000e+00 1.764000171140132633e-01 5.999629902416321325e-01 9.089649396430434791e-01 7.013695019612393722e-01 -1.819148118412883264e-03
7.191999946961055157e-01 9.907022272600414237e-01 9.006215709212215259e-01 5.542737855418060633e-01 1.500964107845642603e-02 4.132956573421608937e-05
9.688535639689459522e-01 3.429835340937890664e-01 5.074921061711965553e-01 3.239823553798064637e-01 4.802159007490152676e-01 -7.971127878967365632e-04
3.726479310046120208e-01 7.643049521051766826e-01 4.229439414550610898e-01 1.746213578899133978e-01 1.176991089651662215e-01 -2.142653932298621555e-03
3.007926833118875209e-01 7.635846814489838374e-01 3.682666010969756210e-01 9.771517811356105199e-01 1.347837754719383163e-01 -7.326007916578447521e-03
2.870908487324630998e-01 7.414989408962234518e-02 3.484469587976576355e-01 7.672221108803913836e-01 8.757232601439548514e-01 -1.349812459206134463e-02
3.415091243149913636e-01 1.330000098048397805e-01 6.532733004720829850e-01 2.060742272573659051e-01 7.564354279410978599e-01 -1.002199910589141041e-02
5.343771418492524461e-01 6.645172349129169209e-01 3.340163134675468437e-01 2.637414240093871598e-01 2.028737074706737364e-01 -2.320792188815978818e-03
8.173699617883777302e-01 5.579536031326837175e-01 5.092686273216721071e-01 5.515625374681931703e-02 2.796315004021502904e-01 -5.689581845356173062e-04
8.652937130481411776e-01 2.406640766041275858e-01 7.524691414147205437e-01 1.653085362623656351e-01 6.135873864007659328e-01 -1.048829856829414098e-03
5.826378338883980712e-01 8.259645964150986730e-01 3.552754109529221993e-01 3.152658998481054908e-01 9.684801872376586074e-02 -2.260831119142991952e-03
8.790884835116530294e-01 5.873572360410239668e-01 6.467782502086376617e-01 9.455451677410131595e-02 2.465458431184553434e-01 -6.526626095730847510e-04
3.076387531348561688e-01 1.377391796857034556e-01 1.121840063784739633e-02 5.296671987168171114e-01 7.571658030035948173e-01 -1.286964006478186207e-02
5.093497046034596298e-01 3.717620070355413808e-02 6.690618067081599563e-01 7.006298411213105481e-01 9.292074965663954522e-01 -3.993042409067726339e-03
2.338511111858186386e-01 8.182923069374093972e-01 2.107279512292567769e-01 6.381167631648150262e-01 1.062617073627892816e-01 -1.346220664141029033e-03
9.581785845500887522e-01 7.739834330311419208e-01 1.107347720664864227e-01 5.313170764657524359e-01 1.291314886871364753e-01 -6.329738963977149524e-04
2.581418438950819350e-01 7.925087480347065005e-01 2.604065846622344305e-01 9.120767045806648099e-01 1.106874211594995328e-01 -8.995513427652035432e-03
4.149814262702956613e-01 6.873794142931779483e-01 7.932692943668018248e-01 4.800655913505078587e-01 1.822673018153688207e-01 -4.555982267181235557e-03
8.130830426379338505e-01 7.681784738850845340e-01 7.430886275569672517e-01 4.271795736449650605e-01 1.334320106961174313e-01 -8.317037446028407999e-04
1.327800530510820365e-01 3.842653090836809504e-01 1.440209516545390700e-01 3.609874221094617752e-01 4.445399862412545144e-01 -1.108165975823105498e-02
6.975138683801705985e-01 1.467774337295829068e-01 5.459627431122359154e-01 5.990364865685204876e-01 7.495914756618846653e-01 -2.104707769547076168e-03
5.152242689945326637e-01 7.079563141326016273e-01 3.767301067274010928e-01 4.641899358028336309e-01 1.606640277346639278e-01 -6.471000840990726033e-04
5.826620887925136882e-01 1.216286701300872963e-01 2.231737524911109327e-01 7.648300610324501037e-01 7.750820554819153330e-01 -4.342376741227838011e-03
1.074508861921660841e-01 5.781896102253806236e-01 8.314886423484338929e-01 2.418971627740749142e-01 2.698786672865750025e-01 -2.778256913205723322e-02
1.116623989315466414e-01 4.665137742610462879e-01 5.637539182174966523e-01 5.569283961369659863e-01 3.608833997946789274e-01 -3.167959852572010959e-02
8.343253664260414926e-01 8.097404465409877572e-01 3.633554550982857068e-01 5.376857692846037651e-01 9.813076980651530556e-02 -1.134761591782940116e-03
5.824744808323910616e-01 7.630350338168173652e-01 8.779415234280268931e-01 2.668066701504905325e-01 1.260778152100167637e-01 -2.320751064207371428e-03
5.950469735511440539e-02 5.612829854916443484e-01 4.676999544020097321e-01 9.927780355033739568e-01 3.001309382887256683e-01 -2.015121853530033036e-02
7.943133283236325504e-01 1.950058908816448833e-01 4.232094032186954902e-01 5.581402492729381493e-01 6.687255573454236046e-01 -2.464361576983264968e-03
9.308877101041210800e-01 1.049584882286232757e-01 8.129808977425726502e-01 1.006695913879021020e-01 8.041420224918696125e-01 -1.548558563385427078e-03
8.664817687956866132e-01 7.810529688681391303e-01 6.621343142248862224e-01 9.410102795219277283e-01 1.176166027754156351e-01 -1.294440321656153969e-03
3.082736899274940989e-01 1.942160013775046379e-01 6.557675123143847928e-01 9.631528653298371268e-01 6.722211272002336369e-01 -1.262053256458095518e-02
1.905578063382706855e-02 4.038828835056328947e-01 8.166287953922953813e-01 4.601478110755028439e-01 4.633426371804692523e-01 -7.335220339622949837e-02
2.579310551354874748e-01 8.472054136625430942e-01 6.795700734664879006e-01 3.320300698629345959e-01 9.373597812249212513e-02 -6.944541833510342599e-03
7.760865191801986640e-01 6.766118458786131162e-01 6.895105635817800893e-01 6.128221908811166685e-01 1.818511619767879117e-01 -1.541162769187920389e-03
5.327229654046489182e-02 7.037975098939389662e-01 1.899616381176009172e-01 6.303723095729161230e-01 1.647669582139415501e-01 -7.668133456833814421e-03
4.017785438414152033e-01 7.572210855515065786e-01 1.055443490093563447e-01 7.555674353012182820e-01 1.272535493914221383e-01 -4.435123662878126538e-03
6.028807326014865575e-01 4.501402701894634956e-02 1.823915335761736312e-01 8.499059689016448260e-01 9.145790296620632809e-01 -5.085712668773112455e-03
9.402633548639802719e-01 2.425785585286107104e-01 2.634977073522578039e-01 3.668582786837486509e-01 6.060572200839355883e-01 -8.630386854839855459e-04
3.759719206163448235e-01 5.045960090042065360e-01 4.750106385240658868e-01 3.907284979393210733e-01 3.199872357528958378e-01 -6.334106761020308340e-03
1.628912321795772389e-02 4.768909272727920867e-01 4.646895432604541409e-01 8.797922499261545681e-01 3.100391317739482067e-01 -8.593154932644431199e-02
9.626543465017713963e-01 4.114049926664247736e-01 2.086550381835310386e-01 5.726626810551049829e-01 4.068238560853701391e-01 -6.600597863410939681e-04
5.007656100967960988e-01 8.207443476431378615e-01 4.481503120948398533e-01 2.007998860700421773e-01 1.007097169550294491e-01 -2.840653811959192865e-03
4.991555196479726675e-01 6.342474610409547520e-01 5.854471308049615796e-01 9.265752111474423458e-01 2.141590305865016530e-01 -3.781866714349213510e-03
1.031261339880394090e-01 0.000000000000000000e+00 8.295021322533949748e-01 8.310271640723545516e-01 1.000000000000000000e+00 -3.557367860345195254e-02
2.996318034051459467e-02 5.434269710203228076e-02 7.623494077301984362e-01 6.126964709436020229e-01 9.306347245532891055e-01 -1.131028293745295343e-01
7.161250686701162715e-01 5.435927257459645112e-01 9.164810634842655013e-01 9.220042421328304982e-01 2.949389253059618299e-01 -1.203826861393864078e-03
7.970258567564855179e-01 5.187618162227889546e-02 4.971785411893714368e-01 5.430008252809965796e-01 9.038159881200202861e-01 -1.888733332830128120e-03
9.692673329681258387e-01 8.066875923282629257e-01 8.475861736293702764e-01 6.122417249090457148e-01 1.085568459224399707e-01 -2.371297951944129068e-04
2.778663036811016007e-01 9.588348806517663636e-01 1.662941943120755522e-02 8.451321242560716485e-01 2.100571794463274022e-02 -6.422777606918117499e-05
5.620265704925346828e-01 3.539575870899177579e-01 0.000000000000000000e+00 4.437150495523027871e-01 4.808724573146485048e-01 -2.441463623227946300e-03
1.138678906142089886e-01 4.859568767496350583e-01 1.390987227260338799e-01 5.695604566514944622e-02 3.138968371136066637e-01 -2.150239805765075118e-02
5.380626506197186965e-01 6.001596768318452346e-01 8.544282169064366661e-01 3.447158884176104721e-01 2.348260591115436946e-01 -2.793598332219815461e-03
3.679448776054087267e-01 9.412319013050400862e-01 3.658803119173255347e-02 7.668138545267719763e-01 4.817451009200379719e-02 -2.356284631546579078e-03
5.996693887435337045e-01 6.105110420897326140e-01 5.697512890864934176e-01 7.806188714767916537e-01 2.324728610437071796e-01 -2.812357990928937568e-03
7.544154926179424958e-01 8.915672103377970670e-01 3.687936987178265236e-01 1.512330772006169610e-01 5.455564043514343764e-02 -2.110159722894522361e-04
6.642419200455577100e-01 5.184307562826561133e-01 1.121246993798532959e-01 8.669348277306454520e-02 3.157540290107987979e-01 -1.154161404606668384e-03
9.838049653021125884e-01 1.421698484445394761e-01 5.847464687748207268e-01 3.447617565161547049e-01 7.454464176195239045e-01 -1.442459145657437602e-03
6.434719762995152470e-01 1.856312442698576093e-01 1.448901839646455914e-01 1.536294624741589843e-01 6.882224263752372284e-01 -1.843920369285712013e-03
9.446917142171904480e-01 2.136885219330765875e-02 8.126142482903265796e-01 5.181914704157044582e-01 9.577244884888564957e-01 -1.432304059086675352e-03
1.238109699489581272e-02 7.189695175203310029e-01 5.250090557779505396e-01 6.089997538465290461e-01 1.170248469799631819e-01 -2.620263106456910407e-02
5.578360507487098996e-01 6.586100511218011544e-01 3.162541516518848073e-01 4.001160167048745109e-02 1.905834128787957660e-01 -1.266540949983685493e-03
6.950054188533095756e-01 9.677263207758765029e-01 5.497582759638246497e-01 1.783710582124804489e-01 3.029717596806275060e-02 -6.927824447240382710e-04
6.187094898210903082e-01 2.834568188711005798e-01 3.570950739071123703e-01 8.590025457361747385e-01 5.493433078509077916e-01 -1.962932090551205988e-03
9.879186085827138530e-01 5.104100302674164924e-01 5.869717399657990720e-03 6.992646520208118943e-01 3.143287454801613756e-01 -4.138694164534939546e-04
1.759700569575696205e-01 9.190236360870231158e-02 7.057639268569154689e-01 3.636032857530402396e-02 8.479513926866748541e-01 -1.789401805979906612e-02
7.643018581848282089e-02 7.904396176807811925e-01 7.973620471838670509e-01 9.337149543697265131e-01 1.371663750107780522e-01 -3.064616407097986439e-02
6.343611144261555035e-01 4.979834281564226584e-01 1.357765483760579872e-02 5.133147632628087820e-01 3.211886393212088353e-01 -1.182829338299384858e-03
2.108412275071652187e-01 1.970788377064725261e-01 2.699490043197447231e-01 8.248141679581522112e-01 6.504680959768529558e-01 -1.577994100230917240e-02
6.265992824493867852e-01 4.082121748353952084e-02 8.879112947931316890e-01 5.815953562778837238e-01 9.255341845239792864e-01 -4.378893840478070842e-03
5.175405591665913629e-01 8.769187483458814603e-01 2.286571861380555862e-02 9.665674423849281993e-01 6.559431267264353993e-02 -2.936868714097151667e-03
5.663731746379572218e-01 1.501890755709779299e-02 5.398486371996261690e-01 5.575952768613543498e-01 9.661131915510094981e-01 -5.725831870993403072e-03
6.241022411350558574e-01 7.085116454221013216e-01 8.422063739764882317e-01 9.576050938682918456e-01 1.730819229206801979e-01 -1.273994604501282879e-03
6.726604128113493619e-01 8.670203661509860993e-01 9.062373531972848228e-01 9.345137435779804491e-02 7.007733664124615736e-02 -9.150214547126722664e-05
7.845485250405845878e-01 7.693120457891561292e-01 9.801977774825639811e-01 5.227167985393954552e-01 1.311274772071983064e-01 -1.308577974596936144e-03
3.553898020271353819e-01 4.787230016250494935e-01 4.228565633043523397e-01 7.587501644109178045e-01 3.398667690052212254e-01 -7.204688618340782114e-03
1.484322677752325514e-01 8.156031328855958273e-01 9.946772301969839525e-01 3.907450644281702523e-01 1.100094981691233653e-01 -2.319496587991132230e-03
6.221598434251670584e-01 4.262066883137262674e-01 5.251463569842511614e-01 4.088122295903318104e-01 4.017013677157545426e-01 -2.732923542289711349e-03
1.041511603412715870e-01 6.799045783840703683e-01 3.766085526068974620e-01 8.770028118825390351e-01 2.119954291551562342e-01 -2.033001572571624394e-02
9.912195674091057729e-01 3.135643485120978013e-01 1.491217619420408536e-01 2.596978437820656183e-01 5.137413144853759661e-01 -9.207944179951965680e-04
6.585609923116428899e-01 1.695689497366084653e-01 5.505343587505304725e-01 1.011643019805656962e-01 7.039827304106409667e-01 -3.213329127095931881e-03
7.633899201928113776e-01 2.848137251078093346e-01 2.404773748062546401e-01 4.604568494378558086e-01 5.473907636143842126e-01 -2.088648716746632772e-03
5.546464677638780483e-01 9.340816035438846976e-01 9.511846893701945971e-02 5.731174317371099391e-01 3.759362640691960022e-02 -2.399375978835216472e-03
6.390279246854949635e-01 5.239797565150077219e-01 6.931777263918519338e-01 7.304964373594273752e-01 2.963354120875745790e-01 -1.512599550400395287e-03
7.398669579664612916e-01 9.134369491242341210e-01 2.586598775071913825e-01 4.971817931793101053e-01 5.325471147080612644e-02 -2.196081641256952821e-04
4.936317372939960091e-01 9.289084133897688167e-01 7.896289111630367952e-01 4.678751486366543588e-01 3.845645800441316320e-02 -3.247886786983400498e-05
2.857042073162083251e-01 1.655706344672217556e-01 5.848014464228642462e-01 7.458781932878331133e-01 7.026383317059432532e-01 -8.760205745542037903e-03
7.806105278569622774e-01 5.424208779316718188e-01 7.705111136118791837e-01 3.346329349227197270e-01 2.831898969982102332e-01 -1.549133976038064020e-03
5.098235372409760657e-01 3.840606113104544361e-02 8.573754344552525497e-01 5.746615306248994415e-01 9.287969553018984303e-01 -4.047086540108324471e-03
8.698483213140552062e-01 2.244379676135190571e-01 2.123467973771133721e-01 8.564564401862693188e-01 6.334667945927894284e-01 -2.208386295130537746e-03
8.738500444334608153e-01 5.059256896680327520e-01 1.001651998821189438e-01 2.878376851472044251e-01 3.261586638860197174e-01 -1.097100424036767663e-03
3.857602098011948533e-01 8.076753348485367079e-01 5.135760843181117474e-01 7.194183625745438349e-01 1.133947293163631853e-01 -1.222470583653212373e-03
6.913564759987552710e-01 7.478543280656136938e-01 8.652195407569240881e-01 3.450851987219625272e-01 1.352810582978951626e-01 -1.735308147541303470e-03
1.168143646137068392e-01 1.715222108017135927e-01 8.630039819250431288e-01 2.259905589308441876e-01 6.824455866615075639e-01 -3.302781726298853471e-02
6.183006905664021335e-01 8.370356528396719620e-01 5.201634039766871442e-01 9.340346193467112812e-01 8.937752339653770584e-02 -1.723424643067517081e-04
9.786780594494175478e-01 3.408856670120474774e-01 1.291599565920781845e-01 7.272940573965520628e-01 4.836347819603096787e-01 -7.293894649187393497e-04
9.516378896202202231e-01 3.109350826921062905e-01 3.148206597423224284e-01 6.992305155338840450e-01 5.267544471775078563e-01 -9.399143173300927856e-04
7.227621308560246982e-01 3.635489220850334768e-01 1.997887903696847767e-01 6.555557503378324213e-01 4.605065618139083106e-01 -1.032839604992119575e-03
7.506388185090642207e-01 4.322257866008782368e-01 9.719626767263158662e-01 2.374536812473948544e-02 3.865666260406950827e-01 -8.130237520944660901e-04
7.658245013059277184e-01 9.597758842405765822e-01 5.907210171210652838e-01 9.859803748660969092e-01 2.086527373389696072e-02 -2.417938599448277159e-04
9.873001726528716215e-01 4.843508705388489821e-02 6.175322901623498950e-01 5.267739536377984422e-01 9.093416032741075128e-01 -1.985882905405134125e-03
5.937682039692294689e-01 6.488856773881489515e-01 4.284697413689053658e-01 1.000000000000000000e+00 2.042080504912013317e-01 -2.832896854354949312e-03
6.596047742291939464e-01 3.328511603756848514e-01 9.039241220647616926e-01 3.961997003405439699e-01 4.957769252863846732e-01 -1.261240211260172828e-03
4.306184306073972401e-01 5.467454703187076825e-01 9.138393272428029235e-01 5.160266848935535222e-01 2.753104185491010436e-01 -4.102800669542716605e-03
6.781891273867388104e-02 4.342185501087418298e-01 8.508621612662209399e-01 6.289439498428706088e-01 4.147386352885047978e-01 -4.496232628284246857e-02
1.739543245771995594e-01 8.904211271510642511e-01 7.885264773574188757e-01 9.280260662747163991e-01 4.369749850300347349e-02 -2.340668910685295145e-03
3.950810795626966687e-01 8.763998372463355224e-01 9.999999999999998890e-01 1.306061405216496496e-03 6.255238877334845515e-02 -2.811052356817000941e-04
9.030521441980163821e-01 9.919381360462868891e-01 4.342346301878453885e-02 3.711804002466969621e-01 7.399809024631665011e-03 -1.944076437148112291e-04
9.083907804700031008e-04 4.948783574787603556e-01 7.203482451435314626e-01 3.182620788744259244e-01 3.584304788957248245e-01 -1.110494007917157688e-01
4.800466431472256712e-01 2.698294951625720972e-02 2.868855715137707540e-01 6.628404796844762359e-01 9.340734845760578775e-01 -5.943243304990630804e-03
2.251589135868066749e-01 3.524863760203042484e-02 4.493474663589029916e-01 4.977105451387728863e-01 9.243938912027338528e-01 -2.216796800409781554e-02
8.190210098426538021e-01 9.274602151803231775e-01 2.754012838074744174e-01 8.519780343752216822e-01 3.481267392334619348e-02 -6.428922498118438966e-04
4.214189176834051143e-01 4.985853423495467118e-01 7.198122959853439085e-01 7.983874845663088138e-01 3.359098339234661279e-01 -4.911856586252483226e-03
3.085216402594392338e-01 3.112260049626056624e-01 6.606661223800092131e-01 2.721625941639604918e-01 5.124736306949768672e-01 -9.544724685598637848e-03
3.524746832612732916e-01 4.574188827805669155e-01 3.816489655294786898e-01 6.069291122399658178e-01 3.715936156136592783e-01 -2.869211529771931168e-03
1.872500560558956750e-01 3.787912557879044018e-01 1.173096381119366066e-01 6.458768985186740252e-01 4.290601172778472638e-01 -9.725670090540816659e-03
3.902517197810846383e-01 1.870060188250762846e-03 4.997778276713558121e-01 9.135355069517494542e-01 9.991359898806810858e-01 -7.003782137889658088e-03
8.186534625962973433e-01 4.582967195310195252e-01 3.051953715028132841e-01 5.355607998167961625e-01 3.705267830541595919e-01 -1.080704404762045101e-03
3.558446486828756306e-02 7.939202654997955522e-01 6.828359074374397153e-01 4.574414036713303489e-01 1.185688299068316520e-01 -5.674665709837434235e-03
5.198287833681383141e-01 8.619901466196950857e-01 1.296522908120012751e-01 2.847944603283263376e-01 8.314031164677399000e-02 -1.033891866839553586e-03
6.560718994507614976e-01 9.694975193730211993e-01 7.094672752144667860e-02 6.856219754851977655e-02 1.518626930037481060e-02 -1.084859432245011135e-03
7.124018630257986651e-01 2.116932421412734411e-01 3.526134354745876776e-01 3.366725732055257936e-01 6.493700006111751133e-01 -3.010716748136132992e-03
9.732284080063580145e-01 1.000000000000000000e+00 8.010836774537020144e-01 2.834641725359787756e-01 1.370176427714786538e-02 -1.739340556969892759e-04
2.157509205770928307e-01 1.947992783924361315e-02 8.610934815839578205e-01 4.025615793290846511e-01 9.754422090042331739e-01 -2.087029239083904031e-02
9.983073233116193657e-02 5.901860367886173631e-01 2.052022082197183517e-01 6.262875708407236175e-01 2.725370621689435224e-01 -2.732608645747269804e-02
7.365290409150879736e-01 6.442005725454633680e-01 7.060408907733961570e-01 6.698963614612019057e-02 2.154482127009433312e-01 -1.280109637289861269e-03
1.467627015442215521e-01 3.639862222121454383e-01 9.550401617161592416e-01 7.048643310076805335e-01 4.673060907545773524e-01 -1.095513095483902077e-02
5.023866636634779503e-01 3.874113532966652063e-01 6.447722171308111205e-01 3.958074888871898622e-01 4.445569461280619028e-01 -2.526019008392665910e-03
5.081771287062563092e-01 3.338916570443065807e-02 1.016507130798959130e-01 7.688775548993422859e-01 9.297717872581428011e-01 -4.049850840694091403e-03
5.804604321053403737e-01 9.157059492612366070e-01 4.808856585566352315e-01 9.385806908634588552e-01 4.722399422779965938e-02 -1.584821698319416328e-05
1.255779426193111281e-01 2.168991348533976515e-01 5.101090972390286415e-01 4.896434388023713780e-01 6.674204318564329608e-01 -2.566899787318988047e-02
2.723573393500872131e-01 5.926437762713658852e-01 7.730495085942061806e-01 1.459876296046882516e-01 2.327529280545470036e-01 -6.057493258482260501e-03
8.798048211259824614e-01 6.188564300589856071e-01 4.692265345828622314e-02 7.229476603479429997e-01 2.329067760154141520e-01 -5.774105159295217504e-04
7.413371711942766673e-01 9.673824046025072954e-02 2.826948470957267312e-01 7.781304439213094781e-01 8.187000168529501298e-01 -3.213797067129320340e-03
7.977408573324531460e-01 4.235994253192648107e-01 1.507214230475694972e-01 5.778113660536661200e-01 4.000178451532703794e-01 -2.008697881517917949e-03
3.865609205758375744e-01 9.118306963836426693e-01 7.483906478797056616e-01 2.987676899556888088e-01 5.767803702200435811e-02 -3.605514585559355112e-03
2.238356802187658756e-01 2.091721359380382256e-02 2.899346429978599260e-01 8.499604355511767295e-01 9.717192718819174235e-01 -2.159605449128321197e-02
4.383069649060719053e-01 9.983424393690175647e-01 7.828713075070250493e-01 7.699381969500365130e-01 1.642203714314172114e-02 -3.103055380935693108e-03
5.347660437129397870e-01 9.795291600027399292e-01 2.917509374890592255e-01 4.611709171780020711e-01 1.633150144577105722e-02 8.510830754104858897e-05
2.626957593325747187e-01 1.916115949596870205e-01 4.201023577502774886e-01 5.703634424739743025e-01 6.870202606028541492e-01 -8.323635488574510077e-03
1.652801307126719466e-01 1.866039589126596010e-01 8.201309292277690899e-01 3.551577517362556335e-01 7.062613396516523867e-01 -1.997119774278921511e-02
5.108732621076356173e-01 1.618074218932495922e-01 6.130007491293334443e-01 5.863729341087591251e-01 7.290435236854850842e-01 -5.190459008796111107e-03
3.719379327738944196e-01 6.863968630903070078e-01 8.750223250977955392e-01 9.794555806300646594e-01 1.909034730705674865e-01 -2.296560295723004685e-03
6.584752173064745140e-01 7.895775462782709253e-01 6.498060382125869783e-01 3.114769843136784289e-01 1.101711960079286845e-01 -3.272580491815446635e-04
1.095659387634618787e-01 9.451538672730254165e-01 3.288808152478391866e-01 1.242572126022754020e-01 2.564642463753102897e-02 -6.893195969936982692e-05
4.868765851982741477e-01 5.622708015419107808e-01 3.645441710759643739e-01 1.112187153923098748e-01 2.791695980565592206e-01 -3.421543615537814276e-03
5.560592006818503297e-01 6.318561707146828077e-01 7.720997673689106167e-02 5.999668969207103686e-01 2.179268581688710849e-01 -6.645171411863159960e-04
5.514658268529687435e-01 9.250217603703324576e-01 3.049536813016728298e-01 7.867707802157450914e-01 4.981693832234507235e-02 -4.252578400656403801e-04
9.710538256800811396e-01 9.606249958735091354e-01 7.138521342079340304e-02 3.059263537953089696e-01 3.171864622266012956e-02 -4.642967400689812507e-04
8.743203037762398155e-01 3.698188187121482229e-01 3.945182122954572490e-01 1.134744107138896396e-01 4.515134987734594207e-01 -1.642462334865868456e-03
3.527485953497657700e-01 5.981417103235867616e-01 1.508282235398920867e-01 4.602892995162477519e-02 2.342919123989137264e-01 -2.222912490482009673e-03
6.682636978452457521e-01 7.132919853054836556e-01 5.988384778136203179e-01 9.142880175522751784e-01 1.534253490300024336e-01 -1.464226075587937714e-03
8.419156228232352879e-01 6.208203052044233283e-01 3.802346729430082506e-02 3.060045190936300230e-01 2.323889254498055501e-01 -8.686392337384774009e-04
7.766499468287653141e-01 5.287265923365366271e-01 2.285167214298402527e-01 2.437245240121459489e-01 3.019855017402491293e-01 -5.538741872417318746e-04
1.440538266526886768e-01 9.999652572583700438e-01 2.562265865706944146e-01 1.998994193510927886e-01 0.000000000000000000e+00 2.645742214752999644e-04
7.098303718303615728e-01 5.533048773595223846e-01 7.177526956977814399e-01 8.895221028462074742e-02 2.838166150915332753e-01 -1.909525569594450189e-03
5.578206764702852150e-01 5.073246596927796226e-01 7.928129991284069145e-02 5.760755459552999724e-01 3.186781413558405496e-01 -3.439517247477041906e-03
6.796293871800781483e-01 4.018078767648400329e-01 6.114831721477508308e-01 7.467849969341351368e-01 4.162585959956717763e-01 -2.644593303170239551e-03
8.070914181948255495e-01 6.126807286525818436e-02 9.834844797385062787e-01 9.855222324864403305e-01 8.833063246788148692e-01 -3.104881969676398512e-03
9.834745060087934920e-01 5.944249951228914863e-01 6.493443124294885349e-01 7.609105916574279149e-01 2.406607519794864980e-01 -7.419980511347290530e-04
1.727942738446650028e-01 5.084321030050829027e-01 1.120781152748204640e-01 7.132154493400442163e-01 3.386175875165701732e-01 -1.044175160326510365e-02
5.082445358108321765e-01 3.602543366843646289e-01 9.712481957416780887e-01 7.636789157756727064e-01 4.614858086724637487e-01 -4.646991249463994222e-03
7.473108813857312072e-01 2.343695892184319562e-01 3.304569177427509330e-01 5.336219810499418514e-01 6.129928861403819429e-01 -2.473319508874638473e-03
5.477766317337171564e-01 3.267177134669611571e-01 7.278826510821861939e-01 3.988898579886406282e-01 5.123439873537929401e-01 -2.814146952747620389e-03
3.327157321930537259e-01 4.627735383378434597e-01 6.378873332348866665e-01 2.051233941253371995e-02 3.476434520679294038e-01 -4.284997321285288763e-03
5.693743784259103213e-03 8.520048327482648842e-01 1.281601207170142420e-01 3.347170636946756872e-01 1.260415888539534457e-01 -5.671446475924923902e-02
3.562470490506275400e-01 5.333998799050327921e-01 1.830753494781645063e-02 5.496046410154491468e-01 2.849200653754473955e-01 -5.571281545616812991e-03
6.192296676456411353e-01 2.934519720081925631e-01 4.129617452402803979e-01 8.524637745072141115e-01 5.511627429893914965e-01 -2.319787657231842104e-03
6.037160964501651073e-01 2.632039743698719736e-01 9.039044294443561167e-01 4.873197240924636020e-01 5.850173855240619059e-01 -1.889774970678104182e-03
2.237729582648192439e-01 3.735421000641021005e-01 8.719235479917047948e-01 4.523952561723376675e-02 4.627644695336027847e-01 -1.339339995715604914e-02
4.273574021948461921e-02 8.059099662989833712e-01 9.966414410230360899e-01 4.515931622099458309e-01 1.365695828617649599e-01 -3.933946586454872829e-02
7.455272398764200004e-01 3.053155984313254967e-01 3.905738007121754563e-01 2.597437693035029582e-01 5.353342134461336332e-01 -1.615449814199365619e-03
2.987885223895212494e-01 9.016664111262588932e-01 7.303232461729266545e-01 5.533239039517834357e-01 3.976536520110307560e-02 -2.395970867850039099e-03
2.214397060529375572e-01 1.048675914204200421e-01 9.305139076591697478e-01 4.953385126793374837e-01 8.068094782180301738e-01 -2.100525867071212360e-02
1.800694148396237426e-01 4.994754669006349901e-01 2.991638495896072891e-01 8.383755841806639353e-01 3.475438660176861094e-01 -1.207692191528764170e-02
1.694309665677381505e-01 1.490548359286872904e-01 5.984060323201195741e-01 9.664886005868940089e-01 7.197534688570810246e-01 -1.942424849854695879e-02
9.853218529063421105e-01 9.979504834002591585e-01 9.411184250929151007e-01 2.120665045120713188e-01 7.160120600302299909e-03 -7.542794214545622822e-04
3.014364131801011704e-02 5.463359840546351265e-01 2.241302031481100243e-01 6.594641259077036466e-01 3.220485619831489621e-01 -6.141383598974137215e-02
