3.834289540442195054e-01 2.868058456520468646e-01 -2.620558646771924127e-02
2.242652490936894449e-01 4.794570665718532743e-01 6.153696650206597063e-03
3.648117117215250449e-01 1.649579489772433905e-01 -3.168553839043564135e-02
7.739453250417597241e-01 4.993698574373516275e-01 3.874344286329156617e-02
8.273509798702683993e-01 9.626066274996336602e-01 2.965541501221855558e-01
8.393660598513610904e-04 2.524811092489845921e-01 -3.628810173976242115e-02
8.322908362028317297e-01 9.223688628851749449e-01 2.690893756452659713e-01
6.827653163858107277e-01 9.872616929114835793e-01 2.945232990991613620e-01
4.525777507567334546e-01 9.080387751633172133e-01 2.135946342924056607e-01
9.999999999999997780e-01 1.664916178437522709e-01 -2.562662696869573431e-02
7.194765709037258539e-01 7.323052733821909799e-01 1.408757713684850588e-01
4.245404601234767927e-01 9.659020365458839130e-01 2.456872558104896132e-01
8.403868929631979068e-01 8.269852739489793603e-01 2.074796058244156027e-01
1.545922219689488952e-01 7.935033133038115194e-01 1.194370284485767875e-01
2.373094937672139138e-01 1.759933099821648916e-01 -3.331588639353467302e-02
5.155255353401518859e-01 4.040061417140579647e-01 -1.319481247920778477e-03
6.444895196817252980e-01 4.468960040347124130e-01 1.538009324729183724e-02
8.870426137559223045e-01 1.763190593897193681e-01 -2.652196424527136775e-02
1.627889171969486293e-01 8.998754416001137901e-01 1.742728432202530486e-01
8.028772843532679948e-01 9.455380442147227615e-01 2.813887636716497775e-01
1.335828168399454952e-01 3.859828141747849717e-01 -1.839270933999748170e-02
4.633830380665984738e-02 9.822120216156503547e-01 2.048120208578701473e-01
8.411578223134382748e-01 8.161037917570120870e-01 2.008015921877071563e-01
7.724755613267851595e-02 8.384724364487311510e-01 1.331202326983238482e-01
5.560593257566810443e-01 9.885816763170468535e-01 2.781129196467025388e-01
7.703612691405592461e-01 4.205982481297476094e-01 1.258198514330971518e-02
5.613051822134375035e-01 9.997712363472215369e-01 2.863808603707914680e-01
1.478307884091883129e-01 6.809992560472718504e-01 6.948832236280294561e-02
9.975462523491309685e-01 2.260924203189014214e-01 -2.177206772233668264e-02
9.684974681744353830e-01 8.119414804096476423e-01 2.112110488454941870e-01
1.291090360809912518e-01 2.815925872820947973e-01 -3.211805874502866864e-02
8.798900828055798984e-01 0.000000000000000000e+00 -1.081897471735124554e-03
9.433033869513540726e-01 1.000000000000000000e+00 3.396869258053439866e-01
3.020404097323675097e-01 9.888837187430461473e-01 2.435577607910381914e-01
9.491799528183849644e-01 9.894957314308001628e-01 3.325668747788140811e-01
8.217988302563588032e-01 9.906468015592179155e-01 3.159570950996023475e-01
0.000000000000000000e+00 2.323071521955889784e-01 -3.680756464332497757e-02
8.662646659913497693e-02 6.905509882079116091e-01 6.846301331097487397e-02
6.382958040704814762e-01 3.049415061675181948e-01 -1.795565431069079398e-02
2.561709397716596115e-01 2.818705144792637007e-01 -2.942633182622489407e-02
2.402422176514972807e-01 1.040580956481002850e-01 -2.742040369801503757e-02
2.725969445266585023e-01 6.385155654224069499e-01 6.188850254344835378e-02
1.131209566107706233e-01 1.058089908314492900e-01 -2.828485909436115331e-02
2.489700309010399459e-01 1.071272232989702033e-01 -2.778935058827814233e-02
3.008842677952854872e-01 9.842234144970218868e-01 2.405268457719628161e-01
1.799564776516353604e-01 9.996543178996359913e-01 2.332684701180286480e-01
4.092822581864511977e-01 8.023026647340613104e-01 1.491247635461616650e-01
1.395896870973986348e-01 5.184582976402215548e-01 1.281330337706798606e-02
4.221786657543087906e-01 9.491214266397213217e-01 2.348934845201068877e-01
2.584864866440409470e-01 3.364109863107511145e-01 -2.272484807972624532e-02
9.692305921164536819e-01 8.012124263295868909e-01 2.044742911526250539e-01
5.175394210542247908e-01 4.491127757553488031e-01 1.070958768120391924e-02
6.911343646791533457e-01 9.988767785856580428e-01 3.038085665781368183e-01
8.883671855731147815e-01 2.085218277448201152e-01 -2.490131420676042207e-02
1.695148161839060141e-01 9.597187298047206161e-01 2.084360522181252784e-01
3.524100878916077151e-01 4.554925308860386934e-01 5.452468979994101739e-03
5.892394634767643691e-01 7.837057487971751391e-01 1.568163049201194981e-01
8.781630775178239645e-01 3.807557243358013210e-02 -1.343998024365344532e-02
7.770998075622608248e-01 5.654615335120485309e-01 6.491128305842575053e-02
2.378715080651534475e-01 1.622690010444751696e-01 -3.276296590021382515e-02
9.826451476766552284e-01 5.622884294506126368e-01 7.567157456583811781e-02
3.987347206795939791e-01 6.209650823953307697e-01 6.368335075774089749e-02
9.424940115483119996e-02 5.425604020589950283e-01 1.740267101268283545e-02
9.533046032374979939e-01 9.696055105152892040e-01 3.182754786429787264e-01
8.017198384252831600e-01 9.358235620665880106e-01 2.745240858454652266e-01
