7.097759071524790964e-02 9.478512705587935905e-01 1.888495767216895049e-01
1.262730969166771244e-01 1.070275736810674394e-01 -3.030624315853781836e-02
1.494078236673829219e-01 6.364582308767831043e-01 5.429750111155223768e-02
8.840456807575135523e-01 7.337074651337466280e-02 -2.265981192870737335e-02
3.712024974325572879e-01 5.929900712594589340e-02 -2.227680740238075288e-02
8.241084179787698805e-01 9.849264002653143057e-01 3.120348081633883552e-01
1.269013387996614783e-01 1.227928964137804946e-01 -3.192984346078027447e-02
2.940999947017131078e-01 9.112592189807430243e-01 1.967015205799656496e-01
9.510388649226533819e-02 5.975447723749405249e-01 3.685232721435122150e-02
0.000000000000000000e+00 1.131851108119280025e-01 -3.181104513637303399e-02
2.933923492420454915e-01 9.037971072898347558e-01 1.924360875352710831e-01
1.436810344777065054e-02 4.578860607790269932e-01 -6.729399426850191102e-03
4.066649327078935006e-01 7.145201310023019392e-01 1.070450148148109903e-01
3.700382326630711205e-01 8.864758051322801924e-02 -2.676636386323657038e-02
8.258781563548501792e-01 9.762270516200070025e-01 3.061079847667706466e-01
1.693500113979298227e-01 9.286454855699904920e-01 1.909358040183813388e-01
9.125383818980452588e-01 7.109993544276002053e-01 1.482656646109308252e-01
3.092340634995877080e-01 9.991904693641547874e-01 2.504111590798951958e-01
4.660250694576384412e-01 7.561171759616255317e-01 1.324068198965023813e-01
1.123772662456039989e-01 2.040877772182397853e-01 -3.534625696433048303e-02
8.162746305777900391e-01 9.999999999999998890e-01 3.217306946017329805e-01
4.697994711849173277e-01 6.907681700598188312e-01 1.013345891757959083e-01
1.357853349236970431e-01 3.402515113152614346e-01 -2.411904089595567902e-02
5.021953144774251587e-01 1.538413411962654201e-02 -1.211503439264088010e-02
3.922257135261674188e-01 4.195021140119937209e-01 1.353031419168426730e-04
1.000000000000000000e+00 1.545700583106993098e-01 -2.557956285417471026e-02
8.251230873687885603e-02 8.173225007689260968e-01 1.244433064889031160e-01
7.960398598913789314e-01 8.636874976453675634e-01 2.271237250075006653e-01
9.333018804046683270e-01 9.668128258593546853e-01 3.137616520400214881e-01
1.753188834843131538e-01 9.736695668725636743e-01 2.169328104506884070e-01
8.992230127976822418e-01 4.404991845628529745e-01 2.693078456095907014e-02
6.432286639814436269e-01 3.724919300791003640e-01 -2.116387407217756866e-03
5.771321965713231972e-01 9.471978536880822919e-01 2.537745813282348273e-01
8.602731119029978224e-01 4.689048544288627607e-01 3.494687365247636790e-02
6.432002378475102367e-01 3.718274783925158977e-01 -2.274680746248758378e-03
5.530430655719238420e-01 9.621380883780346061e-01 2.602089575849870218e-01
5.173219886362393494e-01 3.867410549654106688e-01 -3.065034719986509115e-03
5.455749770328964798e-01 8.944123061902581329e-01 2.171200600679922821e-01
3.121748436682667549e-01 9.998279207732391205e-01 2.512133465164818613e-01
1.598204061659195541e-01 8.142572557087377483e-01 1.309957570585801312e-01
5.950581073689705791e-01 7.133003970498760227e-01 1.225129674188933926e-01
4.038392162910546535e-02 9.041000378727989117e-01 1.621338485929756934e-01
8.887936598077897932e-01 1.921476335183992801e-01 -2.511585146665326618e-02
4.064392560542690602e-01 7.105425226625078361e-01 1.051852631557049222e-01
4.890313575605344520e-01 2.750975613418196186e-01 -2.394675137483896765e-02
8.908735915793164484e-01 2.433514375028366372e-01 -1.998225428938220360e-02
5.251420123448324873e-01 5.595592614443045676e-01 5.032574631558645040e-02
7.783238255764139968e-01 5.625808504682708877e-01 6.671646978990303234e-02
9.717343258119999216e-01 7.620684725222806044e-01 1.828097115101448011e-01
8.796212692538717404e-01 0.000000000000000000e+00 -7.286134042233645067e-03
7.753783584736392287e-01 4.998519957961584104e-01 4.195841534699562558e-02
6.510986895761995408e-01 5.477992552345433142e-01 5.326069614846140610e-02
7.932567098914594661e-01 8.263859417449745948e-01 2.037347789919897179e-01
6.673688321127803080e-01 8.351958724411776558e-01 1.956077315174653553e-01
7.508349613821718727e-01 5.734256297455629647e-02 -2.082816181092441918e-02
