3.567268447134749332e-01 3.113182303671240270e-01 -1.316126411467399837e-02
7.224518391568698350e-01 8.392929429135715935e-01 2.104421030915019086e-01
1.290349865917656824e-01 3.530734159416000773e-01 -1.324826468913731237e-02
7.476314065989106972e-01 3.453667644032579753e-01 7.095672315025114418e-03
9.895766869853155345e-01 7.539024606459303612e-01 1.892809223749759018e-01
8.900496664515008538e-01 4.911227299228161647e-02 -2.648531524698600342e-02
1.401935044419733989e-01 6.030427733832498527e-01 5.328302575787524642e-02
4.105021335634516655e-01 7.649063134380753581e-01 1.407878783648303100e-01
0.000000000000000000e+00 3.944868531160172220e-01 -1.038312195541768457e-02
7.092146715155859260e-01 9.714564841809252282e-01 2.874223087877121330e-01
1.289486407658691769e-01 3.509867862370159020e-01 -1.363146081515342889e-02
5.708956763561617853e-01 9.989312439217779005e-01 2.861704087239443917e-01
1.527990400896116902e-02 7.149477468090719157e-01 8.387813491590750958e-02
9.060436840278197901e-02 4.214087317652474574e-01 -8.739278763069402434e-04
3.483486441089407304e-01 5.075253710291227627e-01 3.509374764389322499e-02
8.671972899215214525e-01 5.973917630726641725e-01 1.011517593836849249e-01
3.688476504765361152e-01 0.000000000000000000e+00 -2.519669974058343087e-02
7.466671554567656521e-01 3.686154747119209096e-01 1.308008524324413835e-02
5.436626433641820189e-01 8.026424529550679754e-01 1.722655735058719051e-01
3.225208942687891600e-01 9.281318199288750570e-01 2.134836149552080120e-01
3.067219358160712117e-01 1.000000000000000000e+00 2.511232445425878312e-01
4.553005490490309448e-01 9.079556255841734203e-01 2.185085437039654410e-01
9.037201016656304375e-01 1.029658638733054882e-01 -2.619480217570381575e-02
3.785411488444197226e-02 9.797054984299666813e-01 2.043616076676202931e-01
2.933335910496106536e-01 9.376054627247230044e-01 2.149716371650655100e-01
7.711936245107351429e-01 5.691544033481056586e-02 -2.759366991203559411e-02
1.000000000000000000e+00 5.548391821943173818e-01 9.118445422947590862e-02
5.215418946583705306e-01 3.580856184707416068e-01 2.055710995637477501e-03
6.800229300921831754e-01 8.789210072441295818e-01 2.282656720915080539e-01
8.497851919184226110e-01 8.833746820910097775e-01 2.502376438399926961e-01
1.351145409011325627e-01 4.945290173964657643e-01 1.957653020226540752e-02
3.054986437103192065e-01 9.989884200314349538e-01 2.503844321091309166e-01
