3.319642371975121131e-01 8.659084363478753987e-01 1.751577515067122559e-01
5.465066373252740473e-01 7.881914315355031952e-01 1.543630987302605506e-01
9.642160272532382947e-01 9.876522042287606551e-01 3.294998782380857971e-01
2.755164329909007837e-01 6.811016398671229100e-01 7.987930366076395616e-02
9.141753020415230857e-01 2.180753476242945632e-01 -2.393893958521760290e-02
2.705368913872223668e-01 5.895527584869122428e-01 4.370941413682849497e-02
6.845080975462233819e-02 8.558920768102837862e-01 1.417337831641035106e-01
8.633459318410263705e-01 8.318932894298932679e-01 2.108026244216618106e-01
1.657155859866626391e-01 9.587724940935198337e-01 2.079179071864824535e-01
8.348827727028687584e-02 6.199593175330434525e-01 4.267915156356111295e-02
6.351343485812095402e-01 1.202839808740069072e-01 -2.737449887231856865e-02
9.027648959675840246e-01 4.193789881253046081e-02 -1.505363848510240209e-02
7.429909612990919232e-01 6.448138328916335205e-01 9.748365482661541792e-02
2.577577659278511013e-01 3.198842886890328474e-01 -2.479602439566502836e-02
3.887647841128194504e-01 2.934726290280313954e-01 -2.516013069997652396e-02
8.052892019424705561e-01 6.999744396583390538e-01 1.296205771924562877e-01
6.225143550384718560e-01 4.094424554145424389e-01 3.891794175915702647e-03
5.902096126082189559e-02 9.496520172050270103e-01 1.895121509174684249e-01
9.177242681272836933e-01 2.998774780144297103e-01 -1.251929445921187711e-02
4.477020219421370961e-01 9.913194327863464883e-01 2.640557994884333848e-01
1.236188614963020238e-01 2.750116983199008547e-01 -3.246355636819391044e-02
6.971981667253428494e-01 9.756231150016622111e-01 2.861474410826150283e-01
1.000000000000000000e+00 7.679171720124582379e-01 1.844539349966322628e-01
3.372262778408594563e-01 7.965082493987102330e-01 1.389430417029010045e-01
9.390114963551193794e-01 7.259314796581446405e-01 1.545669901007665770e-01
7.551827142720173303e-01 3.985561955449543614e-01 5.604960605325032263e-03
1.503985373281477855e-01 7.940365848190549247e-01 1.199720037018714436e-01
5.326893670552590443e-01 5.466380450340662112e-01 4.324466651459885069e-02
1.847554826259541483e-01 9.863962588722053892e-01 2.264273265378036193e-01
2.365361658841748371e-02 8.658092040108794629e-01 1.418432562240448114e-01
8.686641285762635167e-01 7.550314980070265136e-01 1.651453246494374305e-01
2.644598037107685484e-01 4.666829831806351137e-01 4.990706381912679568e-03
3.982125425650852035e-01 4.997459328736140183e-01 2.054245246929692348e-02
7.322057028189632444e-01 8.180234562462335157e-01 1.891813900341549615e-01
4.427479217744097473e-01 9.999538605061333296e-01 2.689927947098856298e-01
2.620574863247413511e-01 4.152501772285604464e-01 -7.612982976089199827e-03
2.291531415456969367e-01 3.398214923208241478e-01 -2.269713870144554613e-02
4.584348752971895147e-01 9.256874009335612774e-01 2.241835435723409375e-01
5.426284284315822104e-01 7.279915903910304520e-01 1.227070784483285659e-01
4.607770072521957250e-01 9.031291440846330731e-01 2.108481784389608094e-01
7.090787511031814150e-01 9.981540794584176091e-01 3.033446396535472434e-01
1.934936749257986366e-01 9.310216578210290805e-01 1.955951531213427352e-01
9.640188402138244461e-01 9.869033942114849856e-01 3.289153155307728005e-01
4.941353081037830886e-01 3.253508714583702721e-01 -1.808259596565933713e-02
5.036915308570042438e-01 1.030324223149088753e-01 -2.639583029329098732e-02
1.274673559935237677e-01 3.620416564870251319e-01 -2.213913673986958597e-02
4.737747358027274980e-01 7.291535784306512058e-01 1.175375314575650143e-01
5.752239756670846083e-01 9.998235248618430049e-01 2.866206287545505771e-01
7.408239915504358786e-01 6.834358542041701901e-01 1.161596747676529318e-01
6.406323736141800174e-01 0.000000000000000000e+00 -2.368747650205366585e-03
5.159800788509613101e-01 1.786126970770621492e-01 -3.052775844884010603e-02
5.738834798047359742e-01 1.000000000000000000e+00 2.865607196294984726e-01
1.201944277895076185e-01 1.955770755550143292e-01 -3.507045368918546013e-02
7.407163758940956688e-01 6.853070987445801787e-01 1.170913586211844160e-01
9.483057691909343445e-01 8.593532916561499313e-01 2.373160289548949531e-01
4.797540517296886020e-01 6.244982817212585413e-01 7.056018728665275352e-02
9.387447992046061840e-01 7.215427977106234625e-01 1.520695004558936247e-01
9.018400057266380276e-01 6.400399276677501414e-02 -1.945140984867421707e-02
8.932842272467039768e-01 2.651564134406430573e-01 -1.878380221194790589e-02
5.796010071830514088e-01 9.921495432064191267e-01 2.820261071730317814e-01
8.960952837803434212e-01 1.998976494497528011e-01 -2.554154365371047453e-02
7.729931995147971691e-01 4.569314635664421809e-03 -4.151516152693057043e-03
4.991990018783054039e-01 2.089522680238034280e-01 -3.014968479480890917e-02
9.619587911815200565e-01 9.777803472740671520e-01 3.218705735883889973e-01
3.493743168311837233e-02 9.676745945135061255e-01 1.963794327253354233e-01
6.189625970152864420e-01 4.851946084082073840e-01 2.618468984663208099e-02
5.296244110181077547e-01 4.840067116272082082e-01 2.173705878778273148e-02
3.150366972577450242e-01 9.928084036822116820e-01 2.474658697288575904e-01
2.612057147913855459e-01 3.966759614514572263e-01 -1.160745839542329239e-02
8.588944350786340554e-01 8.860012563797070584e-01 2.451652921068958602e-01
3.322441894470375967e-01 8.625503425329654750e-01 1.733435798384550530e-01
8.616617025717649980e-01 8.535015297534428447e-01 2.243139847881432392e-01
0.000000000000000000e+00 4.641373155070319112e-01 -6.967785433794865257e-03
8.631102127123443379e-01 8.349990710408510264e-01 2.127269171710284290e-01
4.101996753177712951e-01 7.237413362685489737e-01 1.096514697120455906e-01
