8.648909994113784805e-01 3.183029564668869993e-01 7.601777132571291284e-03
4.871232556096500854e-01 1.454656270749185576e-01 -2.877476942224274636e-02
1.895240994809759549e-01 9.448517701722151108e-01 2.062486409616627880e-01
6.316207110710054806e-01 5.582323396357831424e-02 -2.901370095130891003e-02
2.017417479630349286e-01 7.943050976725125611e-01 1.355868337982508720e-01
9.999999999999998890e-01 1.359257432564814905e-01 -2.148818686450425230e-02
5.370121835557225554e-01 8.111362641420938324e-01 1.782052344266051858e-01
3.592871593621964621e-01 1.375939266947370787e-01 -3.120313902500915226e-02
2.755671768037339098e-02 8.553574532814459674e-01 1.440691177393393918e-01
8.597004278657500720e-01 4.458685000072436511e-01 4.513612890723689430e-02
6.185874006715335049e-01 5.548658243377856125e-02 -2.912061039830225739e-02
8.768804795233117177e-01 0.000000000000000000e+00 -2.467275863352386134e-02
1.290263764203189722e-01 3.178439144526458149e-01 -1.747367525886489581e-02
9.937845135254098627e-01 2.988880843208788773e-01 7.022650410036412882e-03
7.639887203512922831e-01 1.699042753463694821e-01 -2.189963406026669557e-02
9.847337524462872471e-01 5.177196119965375987e-01 7.885284832982031311e-02
9.624303981113732087e-01 9.041514008008461056e-01 2.790021672268407915e-01
6.563109643327375009e-01 6.552325647534578135e-01 1.147841893813318914e-01
2.797707004728242630e-01 7.958519023463780373e-01 1.442378185690478820e-01
4.920054305081075219e-01 1.326263712437393549e-02 -2.782539244807917533e-02
0.000000000000000000e+00 2.950305590938422928e-01 -2.505439487015290179e-02
7.674999855628908407e-02 7.417306287237174223e-01 1.012633635374848851e-01
5.686476531373545473e-01 9.809009867743961886e-01 2.759514525484776382e-01
1.277717802009163406e-01 2.858522654297301901e-01 -2.237137251449344832e-02
7.047747651685657422e-01 9.191158563795279735e-01 2.567273623013908712e-01
5.843600623037835673e-01 8.216109790714609673e-01 1.885977395308037763e-01
5.980885090283994954e-01 5.677364297245515168e-01 7.431507784222818325e-02
2.563874342763250436e-01 2.982807546086074235e-01 -1.649497097832286485e-02
1.559131037739408532e-01 8.584059105629708863e-01 1.598824079866620340e-01
7.154450216647957328e-01 7.751121421246939258e-01 1.778124553859727897e-01
9.926337954007348197e-01 3.280947617488020329e-01 1.455624164679061860e-02
9.868843015323404133e-01 4.681904354023681547e-01 5.962968248225952728e-02
5.348002291671912767e-01 7.759309157118876588e-01 1.603983203233300125e-01
4.708053300066138980e-01 5.491894704422080054e-01 5.917067926162078439e-02
7.175038085482078332e-01 7.399128535856511757e-01 1.600539408807634678e-01
2.499046939309226278e-01 1.281177900791664048e-01 -3.316367951312819418e-02
5.121372644837546978e-02 9.979632907166663403e-01 2.150599363220175309e-01
1.930306425059029607e-01 9.109395506489191829e-01 1.895649735262249225e-01
3.036482434756325177e-01 9.999999999999998890e-01 2.509077562263244965e-01
2.886497098367247216e-01 9.137762602724398553e-01 2.026739666666867445e-01
6.189705776669779391e-01 4.505749007177854704e-02 -2.882224517733532332e-02
2.865475547878874873e-02 8.698679109936864329e-01 1.506762416330184595e-01
3.977472349212358704e-01 6.082537213115420949e-01 7.583984020251455238e-02
3.377009604380530328e-01 6.537128092381365718e-01 8.883890995110649280e-02
