4.038688179999190830e-01 2.572204616829493751e-01 -8.896103511643105310e-03
1.000000000000000000e+00 8.492902055150037821e-01 2.531241940855505357e-01
1.009337022687026020e-01 4.156190331404695515e-01 1.106353147536554005e-02
1.519551582878883866e-01 5.368700684443042936e-01 4.596561270382248932e-02
7.275367602601365835e-01 9.530830047693523710e-01 2.790387295565779913e-01
2.175427421193796007e-01 7.395643922540499071e-01 1.211700341640398193e-01
4.717722043657736064e-01 8.766134636211984077e-01 2.080756126822598806e-01
9.893301844286380708e-01 9.629605988253686633e-01 3.181851659326329074e-01
1.903670772783674081e-01 9.999999999999997780e-01 2.336351041665739592e-01
7.311033637822685893e-01 9.202478618648095576e-01 2.612777240047086669e-01
6.005746021952693692e-01 9.093325822537741132e-01 2.397014751175940983e-01
0.000000000000000000e+00 0.000000000000000000e+00 -3.599002685311659955e-02
9.040838784324973787e-01 4.215862188865493465e-02 -2.472227247462181754e-02
3.459569915347713298e-01 7.932671073684853802e-01 1.559742126857375233e-01
8.135673954789338636e-01 6.220917507285549375e-01 1.238276580191342569e-01
5.657054665602752053e-01 8.813214953647785510e-01 2.212082297591794200e-01
8.108906158521319574e-01 5.639151890497288155e-01 9.977771427594062104e-02
5.696951801082696942e-01 9.263250285234303494e-01 2.448605520201435626e-01
6.687891126350089532e-01 3.057284014019442386e-01 1.048132237078375217e-02
4.952273546990153541e-01 4.243109759553761462e-01 3.345602184022722358e-02
7.050798829934786793e-01 9.597848610391299662e-01 2.799377120881574310e-01
5.057082725376872423e-01 1.472961515830745749e-01 -2.220242241641787184e-02
5.019457971803285012e-01 2.503274678857224100e-01 -6.935507962195081033e-03
6.715556419345050099e-01 3.773423213119297959e-01 2.892813822232676024e-02
1.489018724490968615e-01 4.650720612822013544e-01 2.579249125266563913e-02
