2.339793299887178712e-01 3.384467375037233383e-01 -1.799586005984868398e-02
2.295433977017300176e-01 4.438491828395901839e-01 3.517543320052829436e-03
5.419233004848712509e-01 7.646999760610325714e-01 1.441123788413993800e-01
7.255954640202438855e-01 7.812292120879885671e-01 1.700239034957732875e-01
0.000000000000000000e+00 1.208971646985152470e-01 -3.530408493916152579e-02
3.545543781170659714e-02 8.622752896649480414e-01 1.393726595926327305e-01
7.792932945404118517e-01 3.681145511419786076e-01 6.279104216249831172e-03
1.522829330144664373e-01 6.765525334735857932e-01 7.207251655712676452e-02
2.220324383300808779e-01 6.081437629034323056e-01 5.216250879950667940e-02
3.495305516894121889e-02 8.555180888586166876e-01 1.362193828063544832e-01
1.249293826546006569e-01 3.487847165420946555e-02 -2.517055769959401085e-02
4.536903855068684099e-01 9.661370707413791115e-01 2.439488930235597097e-01
9.113889486973485443e-01 4.587789759758278407e-01 3.894823490284024525e-02
1.000000000000000000e+00 4.199201407146386789e-01 2.976194462958856035e-02
5.516250269495279746e-01 9.021899520473032341e-01 2.187781065359822308e-01
9.784934344037703458e-01 8.359536690251061497e-01 2.269759228818553631e-01
3.816961079795357370e-01 4.245969510334616365e-02 -2.532578543577915231e-02
9.987576966694479141e-01 4.488129078453146903e-01 3.948372438828351427e-02
4.143432513526400518e-01 7.755952194024222646e-01 1.374186199675209719e-01
2.446569673017994773e-01 6.796772562670627682e-02 -2.910721446790199771e-02
6.170626657054388842e-01 3.778202828811154657e-01 2.950033666890256034e-03
4.530590700575259228e-02 9.654095636471570208e-01 1.907393211720462833e-01
6.208436328634829859e-01 2.855968252177243927e-01 -1.584183135553476895e-02
3.877708045090242917e-01 1.993072907935223292e-01 -3.033015139746610134e-02
6.721935203733635511e-01 7.976361496668501472e-01 1.736312206187490825e-01
3.034452606236248684e-01 9.770719134373976322e-01 2.306829815634564018e-01
3.054929004295783845e-03 1.992740937944227908e-01 -3.665235530580145118e-02
5.536480587540971721e-01 9.242471338096661659e-01 2.318301151518933900e-01
1.763853920435445588e-01 9.842947527485564896e-01 2.179157819632760451e-01
7.324056553751362442e-01 6.596243335933196228e-01 1.097946414924756975e-01
7.414209305023299057e-02 9.194567209465799307e-01 1.711716402100200707e-01
8.407689681989261032e-01 9.467748292528889165e-01 2.812877533417959541e-01
6.528342904288347848e-01 4.104563505379176802e-01 1.276606629820295491e-02
7.911583737261871363e-01 6.313307654679687353e-01 1.011743686535857556e-01
5.644337957762609603e-01 9.999999999999998890e-01 2.792709034724834560e-01
1.190212099968721848e-01 0.000000000000000000e+00 -1.840038946589708790e-02
